000000,000000,0,-288,272,0,2448,-7456,5088,-16,0,0,1,0,0,0,1,0,0,0,0,1,0,0,1,1
000001,001000,112,-336,208,-16,4528,-7536,3072,16,0,0,1,0,0,0,1,0,0,0,0,1,0,0,1,1
000002,002000,160,-320,144,0,6048,-7024,816,0,0,0,1,0,0,0,1,0,0,0,0,1,0,0,1,1
000003,003000,224,-288,48,-32,7056,-5632,-1472,0,0,0,1,0,0,0,1,0,0,0,0,1,0,0,1,1
000004,004000,320,-240,-80,-16,7392,-3696,-3760,0,0,0,1,0,0,0,1,0,0,0,0,1,0,0,1,1
000005,005000,352,-192,-144,-32,7072,-1600,-5632,16,0,0,1,0,0,0,1,0,0,0,0,1,0,0,1,1
000006,006000,320,-80,-208,-32,6000,704,-6848,-16,0,0,1,0,0,0,1,0,0,0,0,1,0,0,1,1
000007,007000,272,16,-288,16,4304,3040,-7424,32,0,0,1,0,0,0,1,0,0,0,0,1,0,0,1,1
000008,008000,208,128,-336,0,2160,5088,-7376,32,0,0,1,0,0,0,1,0,0,0,0,1,0,0,1,1
000009,009000,80,192,-288,-48,-80,6656,-6624,16,0,0,1,0,0,0,1,0,0,0,0,1,0,0,1,1
000010,010000,-32,272,-272,-16,-2432,7440,-5088,32,0,0,1,0,0,0,1,0,0,0,0,1,0,0,1,1
000011,011000,-128,320,-224,-32,-4528,7568,-3072,32,0,0,1,0,0,0,1,0,0,0,0,1,0,0,1,1
000012,012000,-176,288,-128,16,-6032,7056,-832,16,0,0,1,0,0,0,1,0,0,0,0,1,0,0,1,1
000013,013000,-240,272,-16,-32,-7088,5600,1536,16,0,0,1,0,0,0,1,0,0,0,0,1,0,0,1,1
000014,014000,-320,272,64,16,-7440,3712,3760,16,0,0,1,0,0,0,1,0,0,0,0,1,0,0,1,1
000015,015000,-336,176,128,0,-7088,1600,5632,32,0,0,1,0,0,0,1,0,0,0,0,1,0,0,1,1
000016,016000,-288,64,224,-32,-6016,-688,6848,0,0,0,1,0,0,0,1,0,0,0,0,1,0,0,1,1
000017,017000,-256,-48,288,0,-4304,-3072,7456,16,0,0,1,0,0,0,1,0,0,0,0,1,0,0,1,1
000018,018000,-240,-144,320,-32,-2208,-5104,7376,16,0,0,1,0,0,0,1,0,0,0,0,1,0,0,1,1
000019,019000,-112,-192,320,-16,64,-6608,6640,16,0,0,1,0,0,0,1,0,0,0,0,1,0,0,1,1
000020,020000,32,-272,272,-32,2400,-7440,5120,16,0,0,1,0,0,0,1,0,0,0,0,1,0,0,1,1
000021,021000,96,-320,192,-16,4544,-7568,3056,0,0,0,1,0,0,0,1,0,0,0,0,1,0,0,1,1
000022,022000,176,-336,112,0,6064,-7024,800,16,0,0,1,0,0,0,1,0,0,0,0,1,0,0,1,1
000023,023000,256,-272,32,16,7072,-5664,-1472,16,0,0,1,0,0,0,1,0,0,0,0,1,0,0,1,1
000024,024000,272,-272,-80,16,7408,-3696,-3760,16,0,0,1,0,0,0,1,0,0,0,0,1,0,0,1,1
000025,025000,352,-176,-160,16,7072,-1568,-5616,16,0,0,1,0,0,0,1,0,0,0,0,1,0,0,1,1
000026,026000,320,-80,-240,-32,6016,688,-6832,0,0,0,1,0,0,0,1,0,0,0,0,1,0,0,1,1
000027,027000,256,32,-304,-16,4272,3040,-7408,0,0,0,1,0,0,0,1,0,0,0,0,1,0,0,1,1
000028,028000,208,128,-336,32,2144,5136,-7392,0,0,0,1,0,0,0,1,0,0,0,0,1,0,0,1,1
000029,029000,112,192,-304,-32,-96,6656,-6576,-16,0,0,1,0,0,0,1,0,0,0,0,1,0,0,1,1
000030,030000,-16,272,-272,0,-2448,7456,-5072,16,0,0,1,0,0,0,1,0,0,0,0,1,0,0,1,1
000031,031000,-96,320,-192,-32,-4528,7584,-3040,16,0,0,1,0,0,0,1,0,0,0,0,1,0,0,1,1
000032,032000,-192,320,-144,-32,-6032,7024,-816,16,0,0,1,0,0,0,1,0,0,0,0,1,0,0,1,1
000033,033000,-256,256,-48,-16,-7104,5616,1504,32,0,0,1,0,0,0,1,0,0,0,0,1,0,0,1,1
000034,034000,-304,192,64,-16,-7440,3696,3792,16,0,0,1,0,0,0,1,0,0,0,0,1,0,0,1,1
000035,035000,-336,176,128,0,-7104,1616,5616,32,0,0,1,0,0,0,1,0,0,0,0,1,0,0,1,1
000036,036000,-272,64,208,0,-6016,-704,6832,-16,0,0,1,0,0,0,1,0,0,0,0,1,0,0,1,1
000037,037000,-272,-48,320,32,-4288,-3056,7440,16,0,0,1,0,0,0,1,0,0,0,0,1,0,0,1,1
000038,038000,-224,-144,320,-16,-2192,-5120,7392,0,0,0,1,0,0,0,1,0,0,0,0,1,0,0,1,1
000039,039000,-128,-224,320,32,96,-6592,6608,16,0,0,1,0,0,0,1,0,0,0,0,1,0,0,1,1
000040,040000,-32,-272,272,0,2448,-7440,5120,16,0,0,1,0,0,0,1,0,0,0,0,1,0,0,1,1
000041,041000,112,-352,240,-32,4560,-7552,3040,16,0,0,1,0,0,0,1,0,0,0,0,1,0,0,1,1
000042,042000,144,-288,144,0,6032,-7008,800,16,0,0,1,0,0,0,1,0,0,0,0,1,0,0,1,1
000043,043000,272,-304,64,-32,7072,-5632,-1520,-16,0,0,1,0,0,0,1,0,0,0,0,1,0,0,1,1
000044,044000,320,-256,-80,0,7376,-3680,-3760,0,0,0,1,0,0,0,1,0,0,0,0,1,0,0,1,1
000045,045000,304,-192,-160,-16,7056,-1552,-5632,16,0,0,1,0,0,0,1,0,0,0,0,1,0,0,1,1
000046,046000,320,-96,-240,0,6000,768,-6848,32,0,0,1,0,0,0,1,0,0,0,0,1,0,0,1,1
000047,047000,272,16,-304,-32,4272,3088,-7424,32,0,0,1,0,0,0,1,0,0,0,0,1,0,0,1,1
000048,048000,208,128,-336,16,2176,5120,-7360,-16,0,0,1,0,0,0,1,0,0,0,0,1,0,0,1,1
000049,049000,96,192,-304,-48,-128,6656,-6576,32,0,0,1,0,0,0,1,0,0,0,0,1,0,0,1,1
000050,050000,-16,272,-304,-32,-2464,7456,-5072,0,0,0,1,0,0,0,1,0,0,0,0,1,0,0,1,1
000051,051000,-80,336,-192,-32,-4528,7536,-3040,16,0,0,1,0,0,0,1,0,0,0,0,1,0,0,1,1
000052,052000,-176,304,-144,-32,-6096,7024,-816,16,0,0,1,0,0,0,1,0,0,0,0,1,0,0,1,1
000053,053000,-256,288,-32,-32,-7104,5632,1600,16,0,0,1,0,0,0,1,0,0,0,0,1,0,0,1,1
000054,054000,-320,208,48,-32,-7424,3696,3792,-16,0,0,1,0,0,0,1,0,0,0,0,1,0,0,1,1
000055,055000,-320,160,144,0,-7088,1568,5616,32,0,0,1,0,0,0,1,0,0,0,0,1,0,0,1,1
000056,056000,-304,64,256,16,-6016,-736,6832,32,0,0,1,0,0,0,1,0,0,0,0,1,0,0,1,1
000057,057000,-272,-32,304,-32,-4256,-3072,7456,16,0,0,1,0,0,0,1,0,0,0,0,1,0,0,1,1
000058,058000,-208,-128,320,-16,-2176,-5152,7392,32,0,0,1,0,0,0,1,0,0,0,0,1,0,0,1,1
000059,059000,-128,-208,320,16,112,-6624,6592,32,0,0,1,0,0,0,1,0,0,0,0,1,0,0,1,1
000060,060000,16,-288,288,-32,2464,-7424,5072,16,0,0,1,0,0,0,1,0,0,0,0,1,0,0,1,1
000061,061000,96,-336,224,-32,4528,-7552,3040,16,0,0,1,0,0,0,1,0,0,0,0,1,0,0,1,1
000062,062000,192,-336,128,16,6064,-7024,800,0,0,0,1,0,0,0,1,0,0,0,0,1,0,0,1,1
000063,063000,256,-288,48,-48,7088,-5632,-1504,-16,0,0,1,0,0,0,1,0,0,0,0,1,0,0,1,1
000064,064000,304,-240,-96,-16,7360,-3664,-3760,32,0,0,1,0,0,0,1,0,0,0,0,1,0,0,1,1
000065,065000,320,-176,-176,-32,7056,-1504,-5632,-16,0,0,1,0,0,0,1,0,0,0,0,1,0,0,1,1
000066,066000,288,-96,-224,0,6000,688,-6848,0,0,0,1,0,0,0,1,0,0,0,0,1,0,0,1,1
000067,067000,272,32,-304,-32,4272,3056,-7408,0,0,0,1,0,0,0,1,0,0,0,0,1,0,0,1,1
000068,068000,160,112,-368,-16,2144,5168,-7376,0,0,0,1,0,0,0,1,0,0,0,0,1,0,0,1,1
000069,069000,96,192,-304,-16,-144,6656,-6608,32,0,0,1,0,0,0,1,0,0,0,0,1,0,0,1,1
000070,070000,-16,272,-272,-32,-2464,7472,-5056,-16,0,0,1,0,0,0,1,0,0,0,0,1,0,0,1,1
000071,071000,-128,336,-176,-16,-4576,7536,-3040,16,0,0,1,0,0,0,1,0,0,0,0,1,0,0,1,1
000072,072000,-176,336,-160,0,-6048,7024,-768,16,0,0,1,0,0,0,1,0,0,0,0,1,0,0,1,1
000073,073000,-272,288,-16,-16,-7104,5600,1600,16,0,0,1,0,0,0,1,0,0,0,0,1,0,0,1,1
000074,074000,-304,256,80,0,-7408,3696,3776,48,0,0,1,0,0,0,1,0,0,0,0,1,0,0,1,1
000075,075000,-352,192,160,16,-7088,1552,5648,32,0,0,1,0,0,0,1,0,0,0,0,1,0,0,1,1
000076,076000,-304,48,208,-32,-6000,-720,6848,16,0,0,1,0,0,0,1,0,0,0,0,1,0,0,1,1
000077,077000,-272,-48,272,-32,-4272,-3072,7424,-16,0,0,1,0,0,0,1,0,0,0,0,1,0,0,1,1
000078,078000,-192,-160,336,-16,-2144,-5136,7424,32,0,0,1,0,0,0,1,0,0,0,0,1,0,0,1,1
000079,079000,-96,-224,320,0,112,-6640,6656,-16,0,0,1,0,0,0,1,0,0,0,0,1,0,0,1,1
000080,080000,16,-304,320,0,2464,-7440,5072,32,0,0,1,0,0,0,1,0,0,0,0,1,0,0,1,1
000081,081000,112,-336,208,-16,4576,-7552,3008,16,0,0,1,0,0,0,1,0,0,0,0,1,0,0,1,1
000082,082000,176,-320,112,16,6080,-7008,800,16,0,0,1,0,0,0,1,0,0,0,0,1,0,0,1,1
000083,083000,256,-272,16,32,7056,-5600,-1520,16,0,0,1,0,0,0,1,0,0,0,0,1,0,0,1,1
000084,084000,304,-240,-64,16,7376,-3648,-3808,48,0,0,1,0,0,0,1,0,0,0,0,1,0,0,1,1
000085,085000,320,-176,-144,-16,7040,-1520,-5664,32,0,0,1,0,0,0,1,0,0,0,0,1,0,0,1,1
000086,086000,304,-112,-224,-32,5984,736,-6848,16,0,0,1,0,0,0,1,0,0,0,0,1,0,0,1,1
000087,087000,288,32,-288,0,4240,3088,-7424,16,0,0,1,0,0,0,1,0,0,0,0,1,0,0,1,1
000088,088000,224,128,-352,0,2160,5136,-7376,16,0,0,1,0,0,0,1,0,0,0,0,1,0,0,1,1
000089,089000,64,192,-320,-16,-96,6672,-6608,0,0,0,1,0,0,0,1,0,0,0,0,1,0,0,1,1
000090,090000,0,256,-272,0,-2480,7456,-5040,16,0,0,1,0,0,0,1,0,0,0,0,1,0,0,1,1
000091,091000,-112,288,-192,-48,-4576,7568,-3024,16,0,0,1,0,0,0,1,0,0,0,0,1,0,0,1,1
000092,092000,-176,336,-128,-16,-6064,7056,-752,32,0,0,1,0,0,0,1,0,0,0,0,1,0,0,1,1
000093,093000,-240,272,-48,-48,-7104,5600,1584,16,0,0,1,0,0,0,1,0,0,0,0,1,0,0,1,1
000094,094000,-304,224,96,16,-7440,3680,3792,16,0,0,1,0,0,0,1,0,0,0,0,1,0,0,1,1
000095,095000,-336,176,160,-16,-7088,1520,5648,0,0,0,1,0,0,0,1,0,0,0,0,1,0,0,1,1
000096,096000,-304,80,224,-32,-6016,-720,6848,16,0,0,1,0,0,0,1,0,0,0,0,1,0,0,1,1
000097,097000,-272,-64,288,16,-4256,-3072,7424,32,0,0,1,0,0,0,1,0,0,0,0,1,0,0,1,1
000098,098000,-176,-144,352,16,-2144,-5136,7392,32,0,0,1,0,0,0,1,0,0,0,0,1,0,0,1,1
000099,099000,-112,-192,288,-16,144,-6672,6576,-16,0,0,1,0,0,0,1,0,0,0,0,1,0,0,1,1
000100,100000,16,-272,224,-16,2464,-7440,5040,16,0,0,1,0,0,0,1,0,0,0,0,1,0,0,1,1
000101,101000,112,-336,224,-16,4576,-7536,3008,-16,0,0,1,0,0,0,1,0,0,0,0,1,0,0,1,1
000102,102000,176,-336,144,-32,6064,-7008,768,16,0,0,1,0,0,0,1,0,0,0,0,1,0,0,1,1
000103,103000,272,-288,48,-16,7072,-5616,-1536,-16,0,0,1,0,0,0,1,0,0,0,0,1,0,0,1,1
000104,104000,320,-224,-80,-32,7392,-3648,-3808,16,0,0,1,0,0,0,1,0,0,0,0,1,0,0,1,1
000105,105000,336,-192,-128,32,7024,-1504,-5680,0,0,0,1,0,0,0,1,0,0,0,0,1,0,0,1,1
000106,106000,304,-80,-240,16,5968,736,-6848,32,0,0,1,0,0,0,1,0,0,0,0,1,0,0,1,1
000107,107000,256,48,-288,0,4240,3088,-7408,32,0,0,1,0,0,0,1,0,0,0,0,1,0,0,1,1
000108,108000,208,144,-320,-32,2176,5168,-7360,16,0,0,1,0,0,0,1,0,0,0,0,1,0,0,1,1
000109,109000,96,192,-304,0,-160,6672,-6576,32,0,0,1,0,0,0,1,0,0,0,0,1,0,0,1,1
000110,110000,0,288,-288,-32,-2480,7456,-5040,-16,0,0,1,0,0,0,1,0,0,0,0,1,0,0,1,1
000111,111000,-112,320,-192,-16,-4576,7584,-2992,16,0,0,1,0,0,0,1,0,0,0,0,1,0,0,1,1
000112,112000,-176,288,-144,16,-6080,7056,-800,0,0,0,1,0,0,0,1,0,0,0,0,1,0,0,1,1
000113,113000,-240,256,-32,0,-7088,5568,1600,-32,0,0,1,0,0,0,1,0,0,0,0,1,0,0,1,1
000114,114000,-336,208,80,-32,-7408,3648,3808,32,0,0,1,0,0,0,1,0,0,0,0,1,0,0,1,1
000115,115000,-336,176,144,-32,-7088,1568,5696,16,0,0,1,0,0,0,1,0,0,0,0,1,0,0,1,1
000116,116000,-320,80,256,-16,-5984,-720,6864,32,0,0,1,0,0,0,1,0,0,0,0,1,0,0,1,1
000117,117000,-272,-16,288,0,-4240,-3120,7456,16,0,0,1,0,0,0,1,0,0,0,0,1,0,0,1,1
000118,118000,-192,-112,352,-64,-2192,-5200,7408,16,0,0,1,0,0,0,1,0,0,0,0,1,0,0,1,1
000119,119000,-96,-192,320,0,160,-6688,6576,-32,0,0,1,0,0,0,1,0,0,0,0,1,0,0,1,1
000120,120000,-16,-288,256,-32,2496,-7456,5056,32,0,0,1,0,0,0,1,0,0,0,0,1,0,0,1,1
000121,121000,144,-336,208,16,4544,-7568,2976,32,0,0,1,0,0,0,1,0,0,0,0,1,0,0,1,1
000122,122000,176,-336,144,0,6096,-6992,752,-16,0,0,1,0,0,0,1,0,0,0,0,1,0,0,1,1
000123,123000,224,-288,32,-16,7088,-5632,-1536,16,0,0,1,0,0,0,1,0,0,0,0,1,0,0,1,1
000124,124000,336,-272,-80,-32,7392,-3632,-3776,16,0,0,1,0,0,0,1,0,0,0,0,1,0,0,1,1
000125,125000,320,-176,-160,-32,7072,-1504,-5696,16,0,0,1,0,0,0,1,0,0,0,0,1,0,0,1,1
000126,126000,320,-64,-208,-48,5968,768,-6832,16,0,0,1,0,0,0,1,0,0,0,0,1,0,0,1,1
000127,127000,256,48,-272,0,4240,3120,-7440,0,0,0,1,0,0,0,1,0,0,0,0,1,0,0,1,1
000128,128000,208,112,-352,0,2144,5136,-7376,16,0,0,1,0,0,0,1,0,0,0,0,1,0,0,1,1
000129,129000,96,176,-304,16,-144,6624,-6592,16,0,0,1,0,0,0,1,0,0,0,0,1,0,0,1,1
000130,130000,-48,256,-272,-16,-2496,7488,-5072,-16,0,0,1,0,0,0,1,0,0,0,0,1,0,0,1,1
000131,131000,-112,288,-192,32,-4576,7568,-3024,16,0,0,1,0,0,0,1,0,0,0,0,1,0,0,1,1
000132,132000,-176,320,-112,-16,-6096,7024,-768,32,0,0,1,0,0,0,1,0,0,0,0,1,0,0,1,1
000133,133000,-256,256,-32,16,-7120,5600,1568,16,0,0,1,0,0,0,1,0,0,0,0,1,0,0,1,1
000134,134000,-304,240,64,-16,-7424,3648,3824,0,0,0,1,0,0,0,1,0,0,0,0,1,0,0,1,1
000135,135000,-320,176,160,0,-7072,1536,5664,0,0,0,1,0,0,0,1,0,0,0,0,1,0,0,1,1
000136,136000,-304,64,240,-32,-5984,-784,6848,32,0,0,1,0,0,0,1,0,0,0,0,1,0,0,1,1
000137,137000,-272,-48,272,16,-4240,-3072,7440,16,0,0,1,0,0,0,1,0,0,0,0,1,0,0,1,1
000138,138000,-240,-160,336,-32,-2112,-5184,7360,32,0,0,1,0,0,0,1,0,0,0,0,1,0,0,1,1
000139,139000,-96,-208,320,-16,128,-6640,6592,0,0,0,1,0,0,0,1,0,0,0,0,1,0,0,1,1
000140,140000,-16,-304,272,16,2480,-7424,5056,16,0,0,1,0,0,0,1,0,0,0,0,1,0,0,1,1
000141,141000,128,-320,256,0,4608,-7552,2960,-16,0,0,1,0,0,0,1,0,0,0,0,1,0,0,1,1
000142,142000,160,-304,112,-32,6080,-7024,768,16,0,0,1,0,0,0,1,0,0,0,0,1,0,0,1,1
000143,143000,240,-288,16,-32,7072,-5584,-1536,0,0,0,1,0,0,0,1,0,0,0,0,1,0,0,1,1
000144,144000,320,-240,-80,-16,7424,-3632,-3808,16,0,0,1,0,0,0,1,0,0,0,0,1,0,0,1,1
000145,145000,336,-192,-160,32,7040,-1504,-5696,32,0,0,1,0,0,0,1,0,0,0,0,1,0,0,1,1
000146,146000,288,-64,-208,32,5968,736,-6832,-16,0,0,1,0,0,0,1,0,0,0,0,1,0,0,1,1
000147,147000,256,32,-304,16,4224,3152,-7424,0,0,0,1,0,0,0,1,0,0,0,0,1,0,0,1,1
000148,148000,208,112,-336,-48,2128,5136,-7360,16,0,0,1,0,0,0,1,0,0,0,0,1,0,0,1,1
000149,149000,96,176,-304,0,-128,6672,-6560,16,0,0,1,0,0,0,1,0,0,0,0,1,0,0,1,1
000150,150000,-16,272,-272,16,-2496,7456,-5056,16,0,0,1,0,0,0,1,0,0,0,0,1,0,0,1,1
000151,151000,-128,336,-192,-48,-4576,7536,-2992,32,0,0,1,0,0,0,1,0,0,0,0,1,0,0,1,1
000152,152000,-176,288,-144,16,-6096,7024,-736,16,0,0,1,0,0,0,1,0,0,0,0,1,0,0,1,1
000153,153000,-272,256,-16,-16,-7104,5568,1600,0,0,0,1,0,0,0,1,0,0,0,0,1,0,0,1,1
000154,154000,-320,224,80,0,-7408,3664,3808,32,0,0,1,0,0,0,1,0,0,0,0,1,0,0,1,1
000155,155000,-352,192,160,0,-7088,1536,5680,16,0,0,1,0,0,0,1,0,0,0,0,1,0,0,1,1
000156,156000,-304,64,240,-16,-6000,-768,6864,16,0,0,1,0,0,0,1,0,0,0,0,1,0,0,1,1
000157,157000,-256,-80,304,-32,-4224,-3136,7424,16,0,0,1,0,0,0,1,0,0,0,0,1,0,0,1,1
000158,158000,-192,-144,304,-48,-2112,-5168,7360,32,0,0,1,0,0,0,1,0,0,0,0,1,0,0,1,1
000159,159000,-96,-192,320,16,192,-6672,6576,64,0,0,1,0,0,0,1,0,0,0,0,1,0,0,1,1
000160,160000,16,-304,288,-16,2512,-7456,5040,32,0,0,1,0,0,0,1,0,0,0,0,1,0,0,1,1
000161,161000,112,-352,224,0,4608,-7552,2992,32,0,0,1,0,0,0,1,0,0,0,0,1,0,0,1,1
000162,162000,176,-320,112,0,6096,-6976,720,0,0,0,1,0,0,0,1,0,0,0,0,1,0,0,1,1
000163,163000,272,-288,32,-32,7072,-5584,-1584,0,0,0,1,0,0,0,1,0,0,0,0,1,0,0,1,1
000164,164000,304,-224,-64,-16,7408,-3568,-3840,0,0,0,1,0,0,0,1,0,0,0,0,1,0,0,1,1
000165,165000,352,-192,-160,-16,7056,-1488,-5712,48,0,0,1,0,0,0,1,0,0,0,0,1,0,0,1,1
000166,166000,336,-80,-240,0,5952,784,-6848,32,0,0,1,0,0,0,1,0,0,0,0,1,0,0,1,1
000167,167000,256,32,-288,16,4208,3104,-7440,16,0,0,1,0,0,0,1,0,0,0,0,1,0,0,1,1
000168,168000,176,144,-304,0,2112,5168,-7360,0,0,0,1,0,0,0,1,0,0,0,0,1,0,0,1,1
000169,169000,96,176,-304,-48,-176,6688,-6544,0,0,0,1,0,0,0,1,0,0,0,0,1,0,0,1,1
000170,170000,0,288,-272,-32,-2512,7472,-5072,32,0,0,1,0,0,0,1,0,0,0,0,1,0,0,1,1
000171,171000,-112,320,-224,0,-4624,7584,-2976,16,0,0,1,0,0,0,1,0,0,0,0,1,0,0,1,1
000172,172000,-176,320,-128,0,-6112,7024,-736,32,0,0,1,0,0,0,1,0,0,0,0,1,0,0,1,1
000173,173000,-240,288,-48,0,-7120,5584,1616,32,0,0,1,0,0,0,1,0,0,0,0,1,0,0,1,1
000174,174000,-304,240,80,-32,-7440,3616,3824,16,0,0,1,0,0,0,1,0,0,0,0,1,0,0,1,1
000175,175000,-336,176,192,16,-7088,1520,5712,16,0,0,1,0,0,0,1,0,0,0,0,1,0,0,1,1
000176,176000,-288,64,208,0,-5968,-752,6864,-16,0,0,1,0,0,0,1,0,0,0,0,1,0,0,1,1
000177,177000,-256,-64,288,0,-4240,-3152,7424,16,0,0,1,0,0,0,1,0,0,0,0,1,0,0,1,1
000178,178000,-192,-144,320,-32,-2128,-5168,7392,16,0,0,1,0,0,0,1,0,0,0,0,1,0,0,1,1
000179,179000,-128,-224,336,-16,160,-6672,6560,32,0,0,1,0,0,0,1,0,0,0,0,1,0,0,1,1
000180,180000,0,-304,304,-48,2560,-7456,5040,16,0,0,1,0,0,0,1,0,0,0,0,1,0,0,1,1
000181,181000,96,-304,192,-16,4608,-7520,2992,0,0,0,1,0,0,0,1,0,0,0,0,1,0,0,1,1
000182,182000,160,-320,128,-32,6096,-6992,720,0,0,0,1,0,0,0,1,0,0,0,0,1,0,0,1,1
000183,183000,240,-288,16,0,7104,-5584,-1584,0,0,0,1,0,0,0,1,0,0,0,0,1,0,0,1,1
000184,184000,304,-208,-48,-32,7376,-3616,-3824,32,0,0,1,0,0,0,1,0,0,0,0,1,0,0,1,1
000185,185000,336,-192,-144,-32,7056,-1488,-5696,16,0,0,1,0,0,0,1,0,0,0,0,1,0,0,1,1
000186,186000,304,-80,-224,-16,5952,800,-6864,32,0,0,1,0,0,0,1,0,0,0,0,1,0,0,1,1
000187,187000,288,32,-304,0,4224,3136,-7408,-16,0,0,1,0,0,0,1,0,0,0,0,1,0,0,1,1
000188,188000,192,128,-336,-32,2080,5168,-7376,0,0,0,1,0,0,0,1,0,0,0,0,1,0,0,1,1
000189,189000,96,192,-288,-32,-208,6672,-6576,32,0,0,1,0,0,0,1,0,0,0,0,1,0,0,1,1
000190,190000,0,304,-256,-16,-2496,7472,-5024,32,0,0,1,0,0,0,1,0,0,0,0,1,0,0,1,1
000191,191000,-112,320,-192,-48,-4624,7552,-2976,16,0,0,1,0,0,0,1,0,0,0,0,1,0,0,1,1
000192,192000,-192,336,-144,16,-6112,7008,-736,-16,0,0,1,0,0,0,1,0,0,0,0,1,0,0,1,1
000193,193000,-272,288,-48,-16,-7104,5568,1648,0,0,0,1,0,0,0,1,0,0,0,0,1,0,0,1,1
000194,194000,-288,208,80,0,-7408,3632,3840,32,0,0,1,0,0,0,1,0,0,0,0,1,0,0,1,1
000195,195000,-336,160,160,-32,-7072,1520,5696,32,0,0,1,0,0,0,1,0,0,0,0,1,0,0,1,1
000196,196000,-288,64,208,16,-5984,-752,6912,16,0,0,1,0,0,0,1,0,0,0,0,1,0,0,1,1
000197,197000,-256,-64,288,16,-4208,-3152,7440,16,0,0,1,0,0,0,1,0,0,0,0,1,0,0,1,1
000198,198000,-192,-144,352,0,-2096,-5216,7376,16,0,0,1,0,0,0,1,0,0,0,0,1,0,0,1,1
000199,199000,-112,-192,336,16,208,-6688,6576,64,0,0,1,0,0,0,1,0,0,0,0,1,0,0,1,1
000200,200000,32,-288,272,-16,2512,-7456,5040,32,0,0,1,0,0,0,1,0,0,0,0,1,0,0,1,1
000201,201000,96,-336,256,-16,4608,-7536,2976,16,0,0,1,0,0,0,1,0,0,0,0,1,0,0,1,1
000202,202000,192,-304,144,16,6096,-6976,752,0,0,0,1,0,0,0,1,0,0,0,0,1,0,0,1,1
000203,203000,224,-256,16,-16,7088,-5568,-1616,16,0,0,1,0,0,0,1,0,0,0,0,1,0,0,1,1
000204,204000,288,-224,-80,0,7408,-3584,-3840,16,0,0,1,0,0,0,1,0,0,0,0,1,0,0,1,1
000205,205000,304,-176,-160,0,7008,-1440,-5728,32,0,0,1,0,0,0,1,0,0,0,0,1,0,0,1,1
000206,206000,288,-112,-240,-32,5968,800,-6864,16,0,0,1,0,0,0,1,0,0,0,0,1,0,0,1,1
000207,207000,256,16,-288,-32,4224,3120,-7408,0,0,0,1,0,0,0,1,0,0,0,0,1,0,0,1,1
000208,208000,192,144,-320,16,2080,5216,-7344,0,0,0,1,0,0,0,1,0,0,0,0,1,0,0,1,1
000209,209000,80,256,-304,0,-224,6672,-6528,32,0,0,1,0,0,0,1,0,0,0,0,1,0,0,1,1
000210,210000,-48,272,-272,16,-2560,7472,-5008,48,0,0,1,0,0,0,1,0,0,0,0,1,0,0,1,1
000211,211000,-128,320,-176,0,-4608,7536,-2976,0,0,0,1,0,0,0,1,0,0,0,0,1,0,0,1,1
000212,212000,-192,320,-128,0,-6096,7008,-720,32,0,0,1,0,0,0,1,0,0,0,0,1,0,0,1,1
000213,213000,-240,288,16,-32,-7120,5584,1616,0,0,0,1,0,0,0,1,0,0,0,0,1,0,0,1,1
000214,214000,-320,224,80,0,-7360,3600,3856,16,0,0,1,0,0,0,1,0,0,0,0,1,0,0,1,1
000215,215000,-352,176,160,-16,-7040,1488,5696,16,0,0,1,0,0,0,1,0,0,0,0,1,0,0,1,1
000216,216000,-336,64,224,0,-5936,-768,6864,32,0,0,1,0,0,0,1,0,0,0,0,1,0,0,1,1
000217,217000,-256,-64,272,0,-4192,-3152,7440,32,0,0,1,0,0,0,1,0,0,0,0,1,0,0,1,1
000218,218000,-208,-128,320,-16,-2080,-5200,7392,-16,0,0,1,0,0,0,1,0,0,0,0,1,0,0,1,1
000219,219000,-128,-208,288,-16,144,-6656,6576,32,0,0,1,0,0,0,1,0,0,0,0,1,0,0,1,1
000220,220000,32,-272,256,-48,2560,-7472,5024,16,0,0,1,0,0,0,1,0,0,0,0,1,0,0,1,1
000221,221000,112,-336,208,0,4624,-7536,2960,-16,0,0,1,0,0,0,1,0,0,0,0,1,0,0,1,1
000222,222000,192,-336,160,-32,6112,-6992,704,0,0,0,1,0,0,0,1,0,0,0,0,1,0,0,1,1
000223,223000,256,-288,32,-32,7104,-5600,-1584,32,0,0,1,0,0,0,1,0,0,0,0,1,0,0,1,1
000224,224000,336,-224,-64,-32,7424,-3584,-3840,-16,0,0,1,0,0,0,1,0,0,0,0,1,0,0,1,1
000225,225000,352,-160,-208,0,7040,-1456,-5680,48,0,0,1,0,0,0,1,0,0,0,0,1,0,0,1,1
000226,226000,304,-80,-240,16,5968,832,-6880,16,0,0,1,0,0,0,1,0,0,0,0,1,0,0,1,1
000227,227000,240,64,-304,-32,4208,3168,-7424,32,0,0,1,0,0,0,1,0,0,0,0,1,0,0,1,1
000228,228000,176,128,-336,-16,2080,5200,-7344,64,0,0,1,0,0,0,1,0,0,0,0,1,0,0,1,1
000229,229000,96,224,-320,16,-192,6688,-6528,0,0,0,1,0,0,0,1,0,0,0,0,1,0,0,1,1
000230,230000,-16,272,-240,-16,-2560,7504,-4992,16,0,0,1,0,0,0,1,0,0,0,0,1,0,0,1,1
000231,231000,-96,320,-192,-16,-4624,7568,-2976,16,0,0,1,0,0,0,1,0,0,0,0,1,0,0,1,1
000232,232000,-176,288,-96,-32,-6080,6992,-704,0,0,0,1,0,0,0,1,0,0,0,0,1,0,0,1,1
000233,233000,-240,288,-16,16,-7136,5600,1632,16,0,0,1,0,0,0,1,0,0,0,0,1,0,0,1,1
000234,234000,-288,224,80,-16,-7408,3616,3824,0,0,0,1,0,0,0,1,0,0,0,0,1,0,0,1,1
000235,235000,-336,192,160,-32,-7072,1488,5696,32,0,0,1,0,0,0,1,0,0,0,0,1,0,0,1,1
000236,236000,-288,80,256,16,-5984,-800,6880,16,0,0,1,0,0,0,1,0,0,0,0,1,0,0,1,1
000237,237000,-256,-80,320,-32,-4176,-3168,7456,16,0,0,1,0,0,0,1,0,0,0,0,1,0,0,1,1
000238,238000,-208,-128,336,-16,-2096,-5216,7360,0,0,0,1,0,0,0,1,0,0,0,0,1,0,0,1,1
000239,239000,-112,-208,320,-16,192,-6688,6560,16,0,0,1,0,0,0,1,0,0,0,0,1,0,0,1,1
000240,240000,16,-272,256,-32,2560,-7456,5008,-16,0,0,1,0,0,0,1,0,0,0,0,1,0,0,1,1
000241,241000,128,-304,176,-32,4656,-7504,2976,0,0,0,1,0,0,0,1,0,0,0,0,1,0,0,1,1
000242,242000,176,-336,128,-32,6080,-6960,688,32,0,0,1,0,0,0,1,0,0,0,0,1,0,0,1,1
000243,243000,240,-304,32,-16,7120,-5584,-1600,16,0,0,1,0,0,0,1,0,0,0,0,1,0,0,1,1
000244,244000,304,-224,-96,-16,7424,-3584,-3840,-16,0,0,1,0,0,0,1,0,0,0,0,1,0,0,1,1
000245,245000,320,-176,-160,-16,7024,-1472,-5712,32,0,0,1,0,0,0,1,0,0,0,0,1,0,0,1,1
000246,246000,288,-64,-240,16,5936,832,-6896,16,0,0,1,0,0,0,1,0,0,0,0,1,0,0,1,1
000247,247000,208,48,-304,0,4176,3168,-7456,16,0,0,1,0,0,0,1,0,0,0,0,1,0,0,1,1
000248,248000,176,144,-336,32,2064,5248,-7344,0,0,0,1,0,0,0,1,0,0,0,0,1,0,0,1,1
000249,249000,96,192,-320,16,-208,6688,-6576,16,0,0,1,0,0,0,1,0,0,0,0,1,0,0,1,1
000250,250000,0,288,-272,16,-2560,7488,-5024,32,0,0,1,0,0,0,1,0,0,0,0,1,0,0,1,1
000251,251000,-128,320,-176,-16,-4672,7584,-2928,32,0,0,1,0,0,0,1,0,0,0,0,1,0,0,1,1
000252,252000,-192,320,-112,0,-6128,6976,-688,-16,0,0,1,0,0,0,1,0,0,0,0,1,0,0,1,1
000253,253000,-272,272,-32,0,-7120,5568,1616,0,0,0,1,0,0,0,1,0,0,0,0,1,0,0,1,1
000254,254000,-320,224,80,-32,-7440,3584,3888,32,0,0,1,0,0,0,1,0,0,0,0,1,0,0,1,1
000255,255000,-336,160,144,0,-7056,1472,5712,0,0,0,1,0,0,0,1,0,0,0,0,1,0,0,1,1
000256,256000,-304,64,208,-16,-5984,-800,6912,0,0,0,1,0,0,0,1,0,0,0,0,1,0,0,1,1
000257,257000,-272,-48,320,16,-4224,-3184,7472,-16,0,0,1,0,0,0,1,0,0,0,0,1,0,0,1,1
000258,258000,-208,-176,336,-16,-2064,-5216,7344,32,0,0,1,0,0,0,1,0,0,0,0,1,0,0,1,1
000259,259000,-128,-192,304,-16,176,-6688,6576,16,0,0,1,0,0,0,1,0,0,0,0,1,0,0,1,1
000260,260000,0,-272,256,16,2576,-7456,5008,16,0,0,1,0,0,0,1,0,0,0,0,1,0,0,1,1
000261,261000,112,-320,208,-16,4656,-7536,2912,-16,0,0,1,0,0,0,1,0,0,0,0,1,0,0,1,1
000262,262000,192,-304,128,16,6112,-6960,704,16,0,0,1,0,0,0,1,0,0,0,0,1,0,0,1,1
000263,263000,256,-256,32,16,7104,-5552,-1616,-16,0,0,1,0,0,0,1,0,0,0,0,1,0,0,1,1
000264,264000,304,-240,-80,-16,7408,-3584,-3872,0,0,0,1,0,0,0,1,0,0,0,0,1,0,0,1,1
000265,265000,336,-176,-176,0,7024,-1424,-5728,16,0,0,1,0,0,0,1,0,0,0,0,1,0,0,1,1
000266,266000,304,-48,-240,-16,5920,848,-6880,0,0,0,1,0,0,0,1,0,0,0,0,1,0,0,1,1
000267,267000,224,48,-256,-16,4208,3152,-7440,0,0,0,1,0,0,0,1,0,0,0,0,1,0,0,1,1
000268,268000,192,112,-336,16,2064,5232,-7360,-16,0,0,1,0,0,0,1,0,0,0,0,1,0,0,1,1
000269,269000,112,192,-336,-16,-240,6720,-6528,32,0,0,1,0,0,0,1,0,0,0,0,1,0,0,1,1
000270,270000,-16,256,-272,16,-2576,7504,-5008,-16,0,0,1,0,0,0,1,0,0,0,0,1,0,0,1,1
000271,271000,-128,304,-176,-32,-4656,7552,-2912,0,0,0,1,0,0,0,1,0,0,0,0,1,0,0,1,1
000272,272000,-176,304,-112,-16,-6112,6992,-720,-16,0,0,1,0,0,0,1,0,0,0,0,1,0,0,1,1
000273,273000,-240,272,-48,-16,-7136,5568,1680,32,0,0,1,0,0,0,1,0,0,0,0,1,0,0,1,1
000274,274000,-304,240,64,16,-7424,3600,3888,-16,0,0,1,0,0,0,1,0,0,0,0,1,0,0,1,1
000275,275000,-320,176,160,-16,-7056,1472,5712,32,0,0,1,0,0,0,1,0,0,0,0,1,0,0,1,1
000276,276000,-304,64,256,0,-5952,-832,6880,-16,0,0,1,0,0,0,1,0,0,0,0,1,0,0,1,1
000277,277000,-240,-48,320,16,-4192,-3200,7472,16,0,0,1,0,0,0,1,0,0,0,0,1,0,0,1,1
000278,278000,-224,-144,352,-32,-2080,-5232,7376,32,0,0,1,0,0,0,1,0,0,0,0,1,0,0,1,1
000279,279000,-96,-224,304,0,208,-6720,6528,-16,0,0,1,0,0,0,1,0,0,0,0,1,0,0,1,1
000280,280000,64,-288,272,16,2576,-7488,4992,0,0,0,1,0,0,0,1,0,0,0,0,1,0,0,1,1
000281,281000,96,-304,224,-16,4672,-7552,2944,16,0,0,1,0,0,0,1,0,0,0,0,1,0,0,1,1
000282,282000,192,-320,144,-32,6112,-6992,656,-32,0,0,1,0,0,0,1,0,0,0,0,1,0,0,1,1
000283,283000,256,-272,48,-32,7120,-5568,-1616,16,0,0,1,0,0,0,1,0,0,0,0,1,0,0,1,1
000284,284000,336,-224,-96,16,7392,-3552,-3856,32,0,0,1,0,0,0,1,0,0,0,0,1,0,0,1,1
000285,285000,336,-176,-176,16,7008,-1440,-5728,16,0,0,1,0,0,0,1,0,0,0,0,1,0,0,1,1
000286,286000,288,-48,-224,0,5936,832,-6896,32,0,0,1,0,0,0,1,0,0,0,0,1,0,0,1,1
000287,287000,272,64,-304,-32,4176,3152,-7424,32,0,0,1,0,0,0,1,0,0,0,0,1,0,0,1,1
000288,288000,208,128,-304,-32,2048,5248,-7360,-16,0,0,1,0,0,0,1,0,0,0,0,1,0,0,1,1
000289,289000,80,224,-304,-16,-272,6720,-6528,-32,0,0,1,0,0,0,1,0,0,0,0,1,0,0,1,1
000290,290000,-32,288,-272,-32,-2592,7488,-4976,32,0,0,1,0,0,0,1,0,0,0,0,1,0,0,1,1
000291,291000,-144,288,-176,-48,-4672,7568,-2928,0,0,0,1,0,0,0,1,0,0,0,0,1,0,0,1,1
000292,292000,-176,320,-128,-32,-6112,7024,-688,0,0,0,1,0,0,0,1,0,0,0,0,1,0,0,1,1
000293,293000,-256,272,-48,0,-7136,5552,1664,16,0,0,1,0,0,0,1,0,0,0,0,1,0,0,1,1
000294,294000,-320,224,96,-16,-7424,3600,3904,0,0,0,1,0,0,0,1,0,0,0,0,1,0,0,1,1
000295,295000,-336,176,176,0,-7056,1440,5744,32,0,0,1,0,0,0,1,0,0,0,0,1,0,0,1,1
000296,296000,-304,32,256,16,-5936,-848,6912,32,0,0,1,0,0,0,1,0,0,0,0,1,0,0,1,1
000297,297000,-272,-80,288,16,-4160,-3184,7440,16,0,0,1,0,0,0,1,0,0,0,0,1,0,0,1,1
000298,298000,-176,-144,336,16,-2032,-5232,7360,-32,0,0,1,0,0,0,1,0,0,0,0,1,0,0,1,1
000299,299000,-96,-240,304,-16,208,-6704,6544,-16,0,0,1,0,0,0,1,0,0,0,0,1,0,0,1,1
000300,300000,16,-272,272,0,2608,-7488,4976,16,0,0,1,0,0,0,1,0,0,0,0,1,0,0,1,1
000301,301000,112,-352,208,16,4656,-7568,2928,-16,0,0,1,0,0,0,1,0,0,0,0,1,0,0,1,1
000302,302000,192,-320,112,0,6128,-6992,672,64,0,0,1,0,0,0,1,0,0,0,0,1,0,0,1,1
000303,303000,224,-288,16,-32,7104,-5568,-1632,16,0,0,1,0,0,0,1,0,0,0,0,1,0,0,1,1
000304,304000,336,-240,-96,0,7408,-3552,-3856,-16,0,0,1,0,0,0,1,0,0,0,0,1,0,0,1,1
000305,305000,352,-176,-192,0,7008,-1392,-5760,-16,0,0,1,0,0,0,1,0,0,0,0,1,0,0,1,1
000306,306000,320,-64,-208,-48,5920,848,-6912,0,0,0,1,0,0,0,1,0,0,0,0,1,0,0,1,1
000307,307000,256,48,-320,16,4176,3216,-7472,-16,0,0,1,0,0,0,1,0,0,0,0,1,0,0,1,1
000308,308000,208,128,-336,32,2048,5280,-7344,16,0,0,1,0,0,0,1,0,0,0,0,1,0,0,1,1
000309,309000,96,176,-288,16,-256,6688,-6544,-32,0,0,1,0,0,0,1,0,0,0,0,1,0,0,1,1
000310,310000,-32,304,-272,16,-2608,7504,-4992,16,0,0,1,0,0,0,1,0,0,0,0,1,0,0,1,1
000311,311000,-96,320,-192,16,-4656,7536,-2912,-16,0,0,1,0,0,0,1,0,0,0,0,1,0,0,1,1
000312,312000,-176,288,-112,0,-6128,6976,-672,16,0,0,1,0,0,0,1,0,0,0,0,1,0,0,1,1
000313,313000,-256,288,-16,-16,-7168,5552,1680,-16,0,0,1,0,0,0,1,0,0,0,0,1,0,0,1,1
000314,314000,-336,240,80,0,-7424,3552,3920,16,0,0,1,0,0,0,1,0,0,0,0,1,0,0,1,1
000315,315000,-368,176,144,16,-7040,1472,5744,-16,0,0,1,0,0,0,1,0,0,0,0,1,0,0,1,1
000316,316000,-288,48,256,-16,-5936,-848,6912,32,0,0,1,0,0,0,1,0,0,0,0,1,0,0,1,1
000317,317000,-256,-48,304,0,-4176,-3200,7440,0,0,0,1,0,0,0,1,0,0,0,0,1,0,0,1,1
000318,318000,-208,-144,304,-32,-2000,-5264,7360,32,0,0,1,0,0,0,1,0,0,0,0,1,0,0,1,1
000319,319000,-96,-224,304,0,272,-6736,6544,16,0,0,1,0,0,0,1,0,0,0,0,1,0,0,1,1
000320,320000,32,-288,272,0,2608,-7424,4976,32,0,0,1,0,0,0,1,0,0,0,0,1,0,0,1,1
000321,321000,112,-336,208,-16,4640,-7536,2896,32,0,0,1,0,0,0,1,0,0,0,0,1,0,0,1,1
000322,322000,176,-320,144,0,6112,-6960,672,32,0,0,1,0,0,0,1,0,0,0,0,1,0,0,1,1
000323,323000,240,-256,32,16,7104,-5536,-1632,16,0,0,1,0,0,0,1,0,0,0,0,1,0,0,1,1
000324,324000,320,-240,-80,-32,7376,-3568,-3888,-16,0,0,1,0,0,0,1,0,0,0,0,1,0,0,1,1
000325,325000,320,-176,-160,-32,7024,-1392,-5744,16,0,0,1,0,0,0,1,0,0,0,0,1,0,0,1,1
000326,326000,304,-64,-224,-32,5936,848,-6896,-16,0,0,1,0,0,0,1,0,0,0,0,1,0,0,1,1
000327,327000,256,48,-288,0,4160,3200,-7392,16,0,0,1,0,0,0,1,0,0,0,0,1,0,0,1,1
000328,328000,176,112,-304,16,2000,5232,-7328,-32,0,0,1,0,0,0,1,0,0,0,0,1,0,0,1,1
000329,329000,96,224,-304,-16,-272,6720,-6512,-16,0,0,1,0,0,0,1,0,0,0,0,1,0,0,1,1
000330,330000,-32,288,-240,32,-2608,7504,-4960,16,0,0,1,0,0,0,1,0,0,0,0,1,0,0,1,1
000331,331000,-144,304,-208,-32,-4720,7568,-2912,16,0,0,1,0,0,0,1,0,0,0,0,1,0,0,1,1
000332,332000,-192,304,-96,0,-6128,6960,-672,32,0,0,1,0,0,0,1,0,0,0,0,1,0,0,1,1
000333,333000,-256,272,-16,-16,-7152,5536,1680,32,0,0,1,0,0,0,1,0,0,0,0,1,0,0,1,1
000334,334000,-304,224,96,16,-7424,3568,3904,32,0,0,1,0,0,0,1,0,0,0,0,1,0,0,1,1
000335,335000,-320,176,144,-32,-7008,1408,5760,16,0,0,1,0,0,0,1,0,0,0,0,1,0,0,1,1
000336,336000,-304,64,272,-16,-5952,-864,6912,32,0,0,1,0,0,0,1,0,0,0,0,1,0,0,1,1
000337,337000,-240,-80,304,-32,-4144,-3216,7456,32,0,0,1,0,0,0,1,0,0,0,0,1,0,0,1,1
000338,338000,-160,-144,352,-16,-2064,-5264,7360,32,0,0,1,0,0,0,1,0,0,0,0,1,0,0,1,1
000339,339000,-96,-224,320,16,272,-6752,6512,32,0,0,1,0,0,0,1,0,0,0,0,1,0,0,1,1
000340,340000,-16,-288,256,-16,2592,-7472,4976,0,0,0,1,0,0,0,1,0,0,0,0,1,0,0,1,1
000341,341000,128,-336,208,-16,4672,-7536,2896,0,0,0,1,0,0,0,1,0,0,0,0,1,0,0,1,1
000342,342000,192,-336,112,-48,6128,-6976,656,-16,0,0,1,0,0,0,1,0,0,0,0,1,0,0,1,1
000343,343000,256,-272,32,-16,7136,-5536,-1664,32,0,0,1,0,0,0,1,0,0,0,0,1,0,0,1,1
000344,344000,336,-240,-48,-32,7392,-3552,-3904,0,0,0,1,0,0,0,1,0,0,0,0,1,0,0,1,1
000345,345000,336,-176,-144,-32,7024,-1424,-5728,-32,0,0,1,0,0,0,1,0,0,0,0,1,0,0,1,1
000346,346000,304,-48,-192,16,5936,880,-6896,16,0,0,1,0,0,0,1,0,0,0,0,1,0,0,1,1
000347,347000,224,64,-288,-32,4128,3232,-7424,0,0,0,1,0,0,0,1,0,0,0,0,1,0,0,1,1
000348,348000,160,128,-336,-48,2048,5264,-7344,16,0,0,1,0,0,0,1,0,0,0,0,1,0,0,1,1
000349,349000,80,176,-304,-48,-304,6704,-6528,16,0,0,1,0,0,0,1,0,0,0,0,1,0,0,1,1
000350,350000,-32,304,-256,0,-2608,7504,-4992,-16,0,0,1,0,0,0,1,0,0,0,0,1,0,0,1,1
000351,351000,-144,320,-208,32,-4688,7568,-2896,32,0,0,1,0,0,0,1,0,0,0,0,1,0,0,1,1
000352,352000,-176,320,-144,-16,-6144,6960,-656,16,0,0,1,0,0,0,1,0,0,0,0,1,0,0,1,1
000353,353000,-272,256,-16,-32,-7168,5520,1696,-16,0,0,1,0,0,0,1,0,0,0,0,1,0,0,1,1
000354,354000,-336,256,80,0,-7424,3568,3920,16,0,0,1,0,0,0,1,0,0,0,0,1,0,0,1,1
000355,355000,-336,144,160,0,-7040,1424,5744,0,0,0,1,0,0,0,1,0,0,0,0,1,0,0,1,1
000356,356000,-304,32,224,16,-5920,-880,6928,32,0,0,1,0,0,0,1,0,0,0,0,1,0,0,1,1
000357,357000,-224,-96,304,-48,-4176,-3232,7472,16,0,0,1,0,0,0,1,0,0,0,0,1,0,0,1,1
000358,358000,-192,-144,336,-16,-2032,-5248,7360,16,0,0,1,0,0,0,1,0,0,0,0,1,0,0,1,1
000359,359000,-144,-208,320,-32,288,-6688,6512,0,0,0,1,0,0,0,1,0,0,0,0,1,0,0,1,1
000360,360000,-16,-272,272,0,2592,-7472,4960,16,0,0,1,0,0,0,1,0,0,0,0,1,0,0,1,1
000361,361000,128,-336,208,-16,4656,-7568,2880,32,0,0,1,0,0,0,1,0,0,0,0,1,0,0,1,1
000362,362000,192,-320,96,0,6128,-6960,640,16,0,0,1,0,0,0,1,0,0,0,0,1,0,0,1,1
000363,363000,256,-304,16,-32,7152,-5536,-1680,-16,0,0,1,0,0,0,1,0,0,0,0,1,0,0,1,1
000364,364000,288,-192,-80,-16,7392,-3520,-3888,0,0,0,1,0,0,0,1,0,0,0,0,1,0,0,1,1
000365,365000,320,-160,-160,-16,7024,-1392,-5760,0,0,0,1,0,0,0,1,0,0,0,0,1,0,0,1,1
000366,366000,288,-80,-224,-16,5888,912,-6928,16,0,0,1,0,0,0,1,0,0,0,0,1,0,0,1,1
000367,367000,256,48,-304,-16,4160,3216,-7440,-16,0,0,1,0,0,0,1,0,0,0,0,1,0,0,1,1
000368,368000,176,160,-336,0,2048,5280,-7376,48,0,0,1,0,0,0,1,0,0,0,0,1,0,0,1,1
000369,369000,96,208,-304,-32,-320,6720,-6528,0,0,0,1,0,0,0,1,0,0,0,0,1,0,0,1,1
000370,370000,-80,288,-272,-16,-2624,7504,-4944,32,0,0,1,0,0,0,1,0,0,0,0,1,0,0,1,1
000371,371000,-160,304,-192,0,-4656,7568,-2912,0,0,0,1,0,0,0,1,0,0,0,0,1,0,0,1,1
000372,372000,-176,320,-112,0,-6144,6992,-624,0,0,0,1,0,0,0,1,0,0,0,0,1,0,0,1,1
000373,373000,-272,288,-16,-16,-7136,5520,1696,32,0,0,1,0,0,0,1,0,0,0,0,1,0,0,1,1
000374,374000,-288,208,112,-16,-7456,3552,3936,16,0,0,1,0,0,0,1,0,0,0,0,1,0,0,1,1
000375,375000,-336,160,160,16,-7040,1440,5744,-16,0,0,1,0,0,0,1,0,0,0,0,1,0,0,1,1
000376,376000,-288,32,224,32,-5904,-880,6928,0,0,0,1,0,0,0,1,0,0,0,0,1,0,0,1,1
000377,377000,-240,-80,288,0,-4160,-3232,7472,16,0,0,1,0,0,0,1,0,0,0,0,1,0,0,1,1
000378,378000,-176,-144,336,16,-1984,-5280,7392,32,0,0,1,0,0,0,1,0,0,0,0,1,0,0,1,1
000379,379000,-96,-224,288,-16,272,-6720,6496,32,0,0,1,0,0,0,1,0,0,0,0,1,0,0,1,1
000380,380000,32,-288,256,0,2608,-7488,4960,32,0,0,1,0,0,0,1,0,0,0,0,1,0,0,1,1
000381,381000,112,-320,192,0,4656,-7520,2896,0,0,0,1,0,0,0,1,0,0,0,0,1,0,0,1,1
000382,382000,176,-304,128,-16,6128,-6944,608,-16,0,0,1,0,0,0,1,0,0,0,0,1,0,0,1,1
000383,383000,240,-272,16,16,7120,-5552,-1680,16,0,0,1,0,0,0,1,0,0,0,0,1,0,0,1,1
000384,384000,336,-224,-96,0,7424,-3536,-3920,0,0,0,1,0,0,0,1,0,0,0,0,1,0,0,1,1
000385,385000,336,-176,-160,32,7040,-1392,-5744,0,0,0,1,0,0,0,1,0,0,0,0,1,0,0,1,1
000386,386000,288,-80,-256,0,5904,912,-6912,0,0,0,1,0,0,0,1,0,0,0,0,1,0,0,1,1
000387,387000,256,32,-320,0,4160,3232,-7456,16,0,0,1,0,0,0,1,0,0,0,0,1,0,0,1,1
000388,388000,192,128,-304,16,1984,5280,-7360,16,0,0,1,0,0,0,1,0,0,0,0,1,0,0,1,1
000389,389000,80,208,-304,0,-320,6720,-6512,-16,0,0,1,0,0,0,1,0,0,0,0,1,0,0,1,1
000390,390000,-32,288,-288,0,-2640,7504,-4976,16,0,0,1,0,0,0,1,0,0,0,0,1,0,0,1,1
000391,391000,-128,336,-224,16,-4688,7584,-2896,32,0,0,1,0,0,0,1,0,0,0,0,1,0,0,1,1
000392,392000,-192,336,-112,16,-6144,6928,-640,16,0,0,1,0,0,0,1,0,0,0,0,1,0,0,1,1
000393,393000,-256,272,-16,0,-7152,5520,1744,48,0,0,1,0,0,0,1,0,0,0,0,1,0,0,1,1
000394,394000,-320,224,112,-16,-7424,3552,3936,32,0,0,1,0,0,0,1,0,0,0,0,1,0,0,1,1
000395,395000,-352,176,160,-16,-7056,1392,5760,16,0,0,1,0,0,0,1,0,0,0,0,1,0,0,1,1
000396,396000,-304,80,224,-32,-5888,-896,6928,0,0,0,1,0,0,0,1,0,0,0,0,1,0,0,1,1
000397,397000,-272,-64,320,-32,-4160,-3264,7488,32,0,0,1,0,0,0,1,0,0,0,0,1,0,0,1,1
000398,398000,-176,-160,352,-16,-1984,-5264,7376,16,0,0,1,0,0,0,1,0,0,0,0,1,0,0,1,1
000399,399000,-112,-224,320,-16,288,-6736,6528,32,0,0,1,0,0,0,1,0,0,0,0,1,0,0,1,1
000400,400000,48,-288,256,16,2624,-7504,4944,16,0,0,1,0,0,0,1,0,0,0,0,1,0,0,1,1
000401,401000,112,-336,224,-16,4688,-7568,2880,0,0,0,1,0,0,0,1,0,0,0,0,1,0,0,1,1
000402,402000,160,-336,128,16,6176,-6960,640,16,0,0,1,0,0,0,1,0,0,0,0,1,0,0,1,1
000403,403000,240,-288,32,-16,7136,-5520,-1680,32,0,0,1,0,0,0,1,0,0,0,0,1,0,0,1,1
000404,404000,304,-256,-80,16,7424,-3504,-3920,0,0,0,1,0,0,0,1,0,0,0,0,1,0,0,1,1
000405,405000,320,-144,-160,16,7024,-1376,-5760,32,0,0,1,0,0,0,1,0,0,0,0,1,0,0,1,1
000406,406000,272,-64,-256,-32,5888,928,-6928,-16,0,0,1,0,0,0,1,0,0,0,0,1,0,0,1,1
000407,407000,240,48,-304,-16,4144,3232,-7456,0,0,0,1,0,0,0,1,0,0,0,0,1,0,0,1,1
000408,408000,192,144,-336,-16,1984,5264,-7344,-16,0,0,1,0,0,0,1,0,0,0,0,1,0,0,1,1
000409,409000,80,176,-304,0,-336,6736,-6496,32,0,0,1,0,0,0,1,0,0,0,0,1,0,0,1,1
000410,410000,-32,288,-240,16,-2640,7520,-4912,0,0,0,1,0,0,0,1,0,0,0,0,1,0,0,1,1
000411,411000,-112,336,-208,-16,-4672,7552,-2880,16,0,0,1,0,0,0,1,0,0,0,0,1,0,0,1,1
000412,412000,-208,288,-144,0,-6176,6960,-656,32,0,0,1,0,0,0,1,0,0,0,0,1,0,0,1,1
000413,413000,-272,272,0,16,-7152,5504,1712,16,0,0,1,0,0,0,1,0,0,0,0,1,0,0,1,1
000414,414000,-320,240,96,-32,-7424,3536,3952,-16,0,0,1,0,0,0,1,0,0,0,0,1,0,0,1,1
000415,415000,-320,144,176,-32,-7056,1424,5760,32,0,0,1,0,0,0,1,0,0,0,0,1,0,0,1,1
000416,416000,-288,80,224,0,-5920,-928,6928,32,0,0,1,0,0,0,1,0,0,0,0,1,0,0,1,1
000417,417000,-224,-64,288,-16,-4128,-3264,7456,16,0,0,1,0,0,0,1,0,0,0,0,1,0,0,1,1
000418,418000,-224,-160,320,-32,-2016,-5312,7360,16,0,0,1,0,0,0,1,0,0,0,0,1,0,0,1,1
000419,419000,-112,-224,320,-32,320,-6752,6512,16,0,0,1,0,0,0,1,0,0,0,0,1,0,0,1,1
000420,420000,16,-272,256,-32,2640,-7472,4944,16,0,0,1,0,0,0,1,0,0,0,0,1,0,0,1,1
000421,421000,128,-352,176,16,4704,-7552,2880,16,0,0,1,0,0,0,1,0,0,0,0,1,0,0,1,1
000422,422000,192,-336,112,-32,6144,-6944,608,16,0,0,1,0,0,0,1,0,0,0,0,1,0,0,1,1
000423,423000,224,-256,32,-48,7136,-5504,-1696,16,0,0,1,0,0,0,1,0,0,0,0,1,0,0,1,1
000424,424000,320,-240,-80,-16,7424,-3536,-3904,0,0,0,1,0,0,0,1,0,0,0,0,1,0,0,1,1
000425,425000,320,-144,-176,-32,7024,-1376,-5760,16,0,0,1,0,0,0,1,0,0,0,0,1,0,0,1,1
000426,426000,320,-80,-224,-32,5920,880,-6896,16,0,0,1,0,0,0,1,0,0,0,0,1,0,0,1,1
000427,427000,256,48,-304,0,4128,3264,-7472,0,0,0,1,0,0,0,1,0,0,0,0,1,0,0,1,1
000428,428000,160,160,-336,0,1984,5328,-7360,16,0,0,1,0,0,0,1,0,0,0,0,1,0,0,1,1
000429,429000,80,208,-288,-16,-352,6752,-6496,32,0,0,1,0,0,0,1,0,0,0,0,1,0,0,1,1
000430,430000,-64,304,-256,-16,-2656,7520,-4944,-16,0,0,1,0,0,0,1,0,0,0,0,1,0,0,1,1
000431,431000,-128,320,-176,-16,-4704,7568,-2880,64,0,0,1,0,0,0,1,0,0,0,0,1,0,0,1,1
000432,432000,-224,304,-112,-32,-6144,6960,-624,32,0,0,1,0,0,0,1,0,0,0,0,1,0,0,1,1
000433,433000,-240,272,-32,-16,-7168,5504,1760,0,0,0,1,0,0,0,1,0,0,0,0,1,0,0,1,1
000434,434000,-336,224,64,-32,-7424,3536,3936,16,0,0,1,0,0,0,1,0,0,0,0,1,0,0,1,1
000435,435000,-304,128,176,16,-7024,1392,5760,-16,0,0,1,0,0,0,1,0,0,0,0,1,0,0,1,1
000436,436000,-304,64,272,0,-5888,-912,6944,16,0,0,1,0,0,0,1,0,0,0,0,1,0,0,1,1
000437,437000,-256,-32,288,-32,-4128,-3248,7488,16,0,0,1,0,0,0,1,0,0,0,0,1,0,0,1,1
000438,438000,-192,-144,320,-16,-1984,-5280,7392,16,0,0,1,0,0,0,1,0,0,0,0,1,0,0,1,1
000439,439000,-96,-224,304,-16,320,-6736,6512,16,0,0,1,0,0,0,1,0,0,0,0,1,0,0,1,1
000440,440000,16,-288,272,16,2656,-7520,4944,16,0,0,1,0,0,0,1,0,0,0,0,1,0,0,1,1
000441,441000,112,-352,208,0,4704,-7552,2880,32,0,0,1,0,0,0,1,0,0,0,0,1,0,0,1,1
000442,442000,192,-336,128,-16,6160,-6928,592,16,0,0,1,0,0,0,1,0,0,0,0,1,0,0,1,1
000443,443000,240,-288,32,0,7120,-5504,-1696,-16,0,0,1,0,0,0,1,0,0,0,0,1,0,0,1,1
000444,444000,288,-208,-112,-16,7424,-3520,-3920,16,0,0,1,0,0,0,1,0,0,0,0,1,0,0,1,1
000445,445000,320,-160,-176,-32,7008,-1360,-5776,32,0,0,1,0,0,0,1,0,0,0,0,1,0,0,1,1
000446,446000,288,-80,-240,0,5904,928,-6912,16,0,0,1,0,0,0,1,0,0,0,0,1,0,0,1,1
000447,447000,256,64,-320,0,4128,3264,-7472,0,0,0,1,0,0,0,1,0,0,0,0,1,0,0,1,1
000448,448000,176,128,-352,-48,1968,5248,-7344,48,0,0,1,0,0,0,1,0,0,0,0,1,0,0,1,1
000449,449000,80,224,-320,-32,-336,6736,-6496,-16,0,0,1,0,0,0,1,0,0,0,0,1,0,0,1,1
000450,450000,0,304,-256,0,-2656,7504,-4944,16,0,0,1,0,0,0,1,0,0,0,0,1,0,0,1,1
000451,451000,-128,336,-192,-16,-4720,7536,-2864,16,0,0,1,0,0,0,1,0,0,0,0,1,0,0,1,1
000452,452000,-192,320,-112,-32,-6144,6944,-608,32,0,0,1,0,0,0,1,0,0,0,0,1,0,0,1,1
000453,453000,-272,288,-16,-32,-7168,5504,1744,0,0,0,1,0,0,0,1,0,0,0,0,1,0,0,1,1
000454,454000,-304,256,112,0,-7456,3536,3952,16,0,0,1,0,0,0,1,0,0,0,0,1,0,0,1,1
000455,455000,-352,128,160,-48,-7040,1392,5792,32,0,0,1,0,0,0,1,0,0,0,0,1,0,0,1,1
000456,456000,-304,48,240,-16,-5872,-928,6912,0,0,0,1,0,0,0,1,0,0,0,0,1,0,0,1,1
000457,457000,-256,-64,304,-32,-4128,-3248,7456,32,0,0,1,0,0,0,1,0,0,0,0,1,0,0,1,1
000458,458000,-192,-176,336,0,-1952,-5296,7344,32,0,0,1,0,0,0,1,0,0,0,0,1,0,0,1,1
000459,459000,-80,-176,336,0,272,-6768,6480,16,0,0,1,0,0,0,1,0,0,0,0,1,0,0,1,1
000460,460000,32,-256,272,-16,2640,-7472,4928,16,0,0,1,0,0,0,1,0,0,0,0,1,0,0,1,1
000461,461000,96,-336,176,0,4704,-7536,2848,16,0,0,1,0,0,0,1,0,0,0,0,1,0,0,1,1
000462,462000,160,-320,112,16,6176,-6944,592,16,0,0,1,0,0,0,1,0,0,0,0,1,0,0,1,1
000463,463000,256,-288,0,16,7120,-5488,-1712,0,0,0,1,0,0,0,1,0,0,0,0,1,0,0,1,1
000464,464000,320,-224,-96,-48,7424,-3504,-3936,16,0,0,1,0,0,0,1,0,0,0,0,1,0,0,1,1
000465,465000,352,-176,-160,-32,7024,-1344,-5776,16,0,0,1,0,0,0,1,0,0,0,0,1,0,0,1,1
000466,466000,288,-80,-256,0,5888,928,-6912,0,0,0,1,0,0,0,1,0,0,0,0,1,0,0,1,1
000467,467000,256,80,-288,0,4112,3280,-7456,32,0,0,1,0,0,0,1,0,0,0,0,1,0,0,1,1
000468,468000,160,160,-320,0,1952,5328,-7344,0,0,0,1,0,0,0,1,0,0,0,0,1,0,0,1,1
000469,469000,112,208,-288,-32,-368,6736,-6464,32,0,0,1,0,0,0,1,0,0,0,0,1,0,0,1,1
000470,470000,-16,288,-224,0,-2656,7504,-4944,32,0,0,1,0,0,0,1,0,0,0,0,1,0,0,1,1
000471,471000,-128,304,-176,0,-4720,7520,-2848,32,0,0,1,0,0,0,1,0,0,0,0,1,0,0,1,1
000472,472000,-192,320,-112,0,-6144,6944,-624,32,0,0,1,0,0,0,1,0,0,0,0,1,0,0,1,1
000473,473000,-240,272,-32,-32,-7168,5488,1744,0,0,0,1,0,0,0,1,0,0,0,0,1,0,0,1,1
000474,474000,-352,256,112,-32,-7408,3520,3952,16,0,0,1,0,0,0,1,0,0,0,0,1,0,0,1,1
000475,475000,-336,160,160,-16,-7008,1344,5808,0,0,0,1,0,0,0,1,0,0,0,0,1,0,0,1,1
000476,476000,-304,64,240,0,-5888,-928,6976,16,0,0,1,0,0,0,1,0,0,0,0,1,0,0,1,1
000477,477000,-240,-64,320,0,-4128,-3280,7472,16,0,0,1,0,0,0,1,0,0,0,0,1,0,0,1,1
000478,478000,-192,-144,320,16,-1952,-5312,7360,0,0,0,1,0,0,0,1,0,0,0,0,1,0,0,1,1
000479,479000,-96,-224,320,-48,336,-6768,6480,32,0,0,1,0,0,0,1,0,0,0,0,1,0,0,1,1
000480,480000,-16,-304,272,0,2656,-7488,4912,16,0,0,1,0,0,0,1,0,0,0,0,1,0,0,1,1
000481,481000,112,-352,176,16,4736,-7552,2832,16,0,0,1,0,0,0,1,0,0,0,0,1,0,0,1,1
000482,482000,160,-304,144,-16,6160,-6944,576,16,0,0,1,0,0,0,1,0,0,0,0,1,0,0,1,1
000483,483000,256,-288,32,32,7120,-5488,-1728,-16,0,0,1,0,0,0,1,0,0,0,0,1,0,0,1,1
000484,484000,320,-192,-80,0,7408,-3488,-3904,32,0,0,1,0,0,0,1,0,0,0,0,1,0,0,1,1
000485,485000,336,-160,-192,-32,6976,-1328,-5792,16,0,0,1,0,0,0,1,0,0,0,0,1,0,0,1,1
000486,486000,288,-48,-208,0,5824,960,-6944,32,0,0,1,0,0,0,1,0,0,0,0,1,0,0,1,1
000487,487000,256,32,-304,-16,4112,3280,-7456,32,0,0,1,0,0,0,1,0,0,0,0,1,0,0,1,1
000488,488000,176,144,-352,0,1968,5280,-7328,32,0,0,1,0,0,0,1,0,0,0,0,1,0,0,1,1
000489,489000,80,256,-304,-32,-336,6736,-6496,32,0,0,1,0,0,0,1,0,0,0,0,1,0,0,1,1
000490,490000,-32,288,-256,16,-2704,7520,-4944,-16,0,0,1,0,0,0,1,0,0,0,0,1,0,0,1,1
000491,491000,-144,320,-208,-16,-4736,7552,-2848,-16,0,0,1,0,0,0,1,0,0,0,0,1,0,0,1,1
000492,492000,-176,320,-128,-16,-6192,6944,-560,32,0,0,1,0,0,0,1,0,0,0,0,1,0,0,1,1
000493,493000,-288,272,0,0,-7152,5504,1776,32,0,0,1,0,0,0,1,0,0,0,0,1,0,0,1,1
000494,494000,-320,240,80,0,-7392,3520,3968,16,0,0,1,0,0,0,1,0,0,0,0,1,0,0,1,1
000495,495000,-336,144,192,16,-7008,1344,5808,16,0,0,1,0,0,0,1,0,0,0,0,1,0,0,1,1
000496,496000,-272,48,224,0,-5824,-928,6960,-16,0,0,1,0,0,0,1,0,0,0,0,1,0,0,1,1
000497,497000,-256,-48,304,-32,-4112,-3264,7456,16,0,0,1,0,0,0,1,0,0,0,0,1,0,0,1,1
000498,498000,-192,-144,320,32,-1936,-5296,7344,0,0,0,1,0,0,0,1,0,0,0,0,1,0,0,1,1
000499,499000,-80,-192,256,-16,304,-6752,6480,32,0,0,1,0,0,0,1,0,0,0,0,1,0,0,1,1
000500,500000,16,-304,256,-32,2656,-7520,4928,32,0,0,1,0,0,0,1,0,0,0,0,1,0,0,1,1
000501,501000,128,-320,208,16,4704,-7536,2864,64,0,0,1,0,0,0,1,0,0,0,0,1,0,0,1,1
000502,502000,176,-336,128,-32,6176,-6912,592,16,0,0,1,0,0,0,1,0,0,0,0,1,0,0,1,1
000503,503000,256,-256,16,0,7168,-5440,-1712,-16,0,0,1,0,0,0,1,0,0,0,0,1,0,0,1,1
000504,504000,304,-240,-80,0,7424,-3472,-3968,32,0,0,1,0,0,0,1,0,0,0,0,1,0,0,1,1
000505,505000,352,-160,-176,0,7024,-1344,-5792,16,0,0,1,0,0,0,1,0,0,0,0,1,0,0,1,1
000506,506000,272,-48,-272,-32,5856,944,-6944,-16,0,0,1,0,0,0,1,0,0,0,0,1,0,0,1,1
000507,507000,256,64,-336,-32,4096,3328,-7440,16,0,0,1,0,0,0,1,0,0,0,0,1,0,0,1,1
000508,508000,176,128,-304,0,1936,5280,-7312,16,0,0,1,0,0,0,1,0,0,0,0,1,0,0,1,1
000509,509000,96,208,-304,-32,-352,6768,-6480,-16,0,0,1,0,0,0,1,0,0,0,0,1,0,0,1,1
000510,510000,-64,288,-288,-16,-2704,7504,-4928,16,0,0,1,0,0,0,1,0,0,0,0,1,0,0,1,1
000511,511000,-128,336,-208,0,-4736,7536,-2848,16,0,0,1,0,0,0,1,0,0,0,0,1,0,0,1,1
000512,512000,-208,320,-112,0,-6144,6944,-592,32,0,0,1,0,0,0,1,0,0,0,0,1,0,0,1,1
000513,513000,-272,288,-32,-32,-7152,5472,1792,16,0,0,1,0,0,0,1,0,0,0,0,1,0,0,1,1
000514,514000,-320,224,112,-16,-7424,3520,3968,0,0,0,1,0,0,0,1,0,0,0,0,1,0,0,1,1
000515,515000,-352,160,160,-48,-7024,1392,5808,32,0,0,1,0,0,0,1,0,0,0,0,1,0,0,1,1
000516,516000,-304,64,256,16,-5856,-960,6928,32,0,0,1,0,0,0,1,0,0,0,0,1,0,0,1,1
000517,517000,-256,-48,320,0,-4112,-3312,7472,32,0,0,1,0,0,0,1,0,0,0,0,1,0,0,1,1
000518,518000,-192,-160,336,0,-1936,-5344,7344,-32,0,0,1,0,0,0,1,0,0,0,0,1,0,0,1,1
000519,519000,-96,-256,304,32,352,-6752,6480,-16,0,0,1,0,0,0,1,0,0,0,0,1,0,0,1,1
000520,520000,0,-288,272,-16,2688,-7520,4912,-16,0,0,1,0,0,0,1,0,0,0,0,1,0,0,1,1
000521,521000,96,-352,192,-32,4720,-7536,2864,0,0,0,1,0,0,0,1,0,0,0,0,1,0,0,1,1
000522,522000,192,-336,144,0,6192,-6912,592,32,0,0,1,0,0,0,1,0,0,0,0,1,0,0,1,1
000523,523000,256,-288,16,-48,7136,-5472,-1712,16,0,0,1,0,0,0,1,0,0,0,0,1,0,0,1,1
000524,524000,320,-208,-80,-48,7424,-3472,-3936,-16,0,0,1,0,0,0,1,0,0,0,0,1,0,0,1,1
000525,525000,336,-160,-208,-32,6992,-1360,-5808,16,0,0,1,0,0,0,1,0,0,0,0,1,0,0,1,1
000526,526000,288,-64,-240,0,5872,960,-6944,16,0,0,1,0,0,0,1,0,0,0,0,1,0,0,1,1
000527,527000,256,32,-304,0,4096,3280,-7472,32,0,0,1,0,0,0,1,0,0,0,0,1,0,0,1,1
000528,528000,192,144,-320,-16,1952,5312,-7360,-16,0,0,1,0,0,0,1,0,0,0,0,1,0,0,1,1
000529,529000,48,208,-336,0,-384,6752,-6464,16,0,0,1,0,0,0,1,0,0,0,0,1,0,0,1,1
000530,530000,-64,288,-256,0,-2704,7488,-4896,32,0,0,1,0,0,0,1,0,0,0,0,1,0,0,1,1
000531,531000,-112,304,-176,-32,-4736,7536,-2816,32,0,0,1,0,0,0,1,0,0,0,0,1,0,0,1,1
000532,532000,-176,320,-112,32,-6144,6928,-592,32,0,0,1,0,0,0,1,0,0,0,0,1,0,0,1,1
000533,533000,-288,288,16,0,-7168,5472,1776,-16,0,0,1,0,0,0,1,0,0,0,0,1,0,0,1,1
000534,534000,-320,208,80,-32,-7456,3488,4000,-16,0,0,1,0,0,0,1,0,0,0,0,1,0,0,1,1
000535,535000,-320,176,160,0,-7008,1360,5776,32,0,0,1,0,0,0,1,0,0,0,0,1,0,0,1,1
000536,536000,-304,64,256,-16,-5856,-992,6944,16,0,0,1,0,0,0,1,0,0,0,0,1,0,0,1,1
000537,537000,-256,-80,320,-32,-4112,-3264,7488,16,0,0,1,0,0,0,1,0,0,0,0,1,0,0,1,1
000538,538000,-176,-144,320,-16,-1936,-5328,7360,0,0,0,1,0,0,0,1,0,0,0,0,1,0,0,1,1
000539,539000,-112,-192,320,-32,352,-6768,6480,0,0,0,1,0,0,0,1,0,0,0,0,1,0,0,1,1
000540,540000,16,-256,288,0,2688,-7472,4880,16,0,0,1,0,0,0,1,0,0,0,0,1,0,0,1,1
000541,541000,128,-352,224,-16,4704,-7504,2832,16,0,0,1,0,0,0,1,0,0,0,0,1,0,0,1,1
000542,542000,192,-320,144,-16,6192,-6896,560,-16,0,0,1,0,0,0,1,0,0,0,0,1,0,0,1,1
000543,543000,240,-256,32,-16,7184,-5456,-1728,0,0,0,1,0,0,0,1,0,0,0,0,1,0,0,1,1
000544,544000,336,-240,-80,0,7440,-3504,-3984,0,0,0,1,0,0,0,1,0,0,0,0,1,0,0,1,1
000545,545000,336,-176,-160,-16,6992,-1360,-5792,0,0,0,1,0,0,0,1,0,0,0,0,1,0,0,1,1
000546,546000,288,-80,-256,0,5808,976,-6944,0,0,0,1,0,0,0,1,0,0,0,0,1,0,0,1,1
000547,547000,256,64,-288,16,4096,3312,-7456,16,0,0,1,0,0,0,1,0,0,0,0,1,0,0,1,1
000548,548000,192,144,-352,16,1968,5280,-7344,-48,0,0,1,0,0,0,1,0,0,0,0,1,0,0,1,1
000549,549000,96,208,-320,0,-400,6784,-6480,-16,0,0,1,0,0,0,1,0,0,0,0,1,0,0,1,1
000550,550000,-16,304,-272,-32,-2704,7504,-4896,0,0,0,1,0,0,0,1,0,0,0,0,1,0,0,1,1
000551,551000,-112,320,-192,0,-4736,7552,-2816,-32,0,0,1,0,0,0,1,0,0,0,0,1,0,0,1,1
000552,552000,-192,320,-128,16,-6144,6928,-576,0,0,0,1,0,0,0,1,0,0,0,0,1,0,0,1,1
000553,553000,-288,288,-16,-32,-7168,5456,1776,32,0,0,1,0,0,0,1,0,0,0,0,1,0,0,1,1
000554,554000,-304,208,96,0,-7392,3488,3984,32,0,0,1,0,0,0,1,0,0,0,0,1,0,0,1,1
000555,555000,-304,160,176,16,-6992,1328,5824,0,0,0,1,0,0,0,1,0,0,0,0,1,0,0,1,1
000556,556000,-304,80,256,-16,-5872,-960,6944,16,0,0,1,0,0,0,1,0,0,0,0,1,0,0,1,1
000557,557000,-256,-48,320,32,-4064,-3296,7472,0,0,0,1,0,0,0,1,0,0,0,0,1,0,0,1,1
000558,558000,-176,-160,336,32,-1936,-5328,7376,-16,0,0,1,0,0,0,1,0,0,0,0,1,0,0,1,1
000559,559000,-80,-224,272,-48,336,-6800,6496,16,0,0,1,0,0,0,1,0,0,0,0,1,0,0,1,1
000560,560000,32,-304,256,16,2656,-7472,4896,32,0,0,1,0,0,0,1,0,0,0,0,1,0,0,1,1
000561,561000,112,-336,192,-32,4752,-7536,2832,16,0,0,1,0,0,0,1,0,0,0,0,1,0,0,1,1
000562,562000,192,-336,128,0,6208,-6880,544,16,0,0,1,0,0,0,1,0,0,0,0,1,0,0,1,1
000563,563000,256,-288,32,-16,7168,-5488,-1744,0,0,0,1,0,0,0,1,0,0,0,0,1,0,0,1,1
000564,564000,320,-224,-96,-16,7424,-3456,-3968,32,0,0,1,0,0,0,1,0,0,0,0,1,0,0,1,1
000565,565000,336,-192,-208,0,6992,-1280,-5808,-16,0,0,1,0,0,0,1,0,0,0,0,1,0,0,1,1
000566,566000,304,-64,-240,-16,5856,1024,-6976,16,0,0,1,0,0,0,1,0,0,0,0,1,0,0,1,1
000567,567000,256,64,-272,-16,4096,3296,-7456,16,0,0,1,0,0,0,1,0,0,0,0,1,0,0,1,1
000568,568000,176,160,-304,-16,1952,5344,-7328,32,0,0,1,0,0,0,1,0,0,0,0,1,0,0,1,1
000569,569000,96,176,-304,0,-400,6752,-6448,-16,0,0,1,0,0,0,1,0,0,0,0,1,0,0,1,1
000570,570000,-32,272,-240,16,-2704,7504,-4896,32,0,0,1,0,0,0,1,0,0,0,0,1,0,0,1,1
000571,571000,-96,320,-208,16,-4752,7552,-2800,0,0,0,1,0,0,0,1,0,0,0,0,1,0,0,1,1
000572,572000,-176,288,-96,0,-6144,6928,-560,16,0,0,1,0,0,0,1,0,0,0,0,1,0,0,1,1
000573,573000,-240,288,-16,-32,-7152,5472,1776,-16,0,0,1,0,0,0,1,0,0,0,0,1,0,0,1,1
000574,574000,-320,224,96,-32,-7456,3488,4000,16,0,0,1,0,0,0,1,0,0,0,0,1,0,0,1,1
000575,575000,-320,160,176,0,-6992,1328,5824,32,0,0,1,0,0,0,1,0,0,0,0,1,0,0,1,1
000576,576000,-336,32,240,-16,-5840,-992,6960,0,0,0,1,0,0,0,1,0,0,0,0,1,0,0,1,1
000577,577000,-240,-48,320,-32,-4112,-3296,7472,32,0,0,1,0,0,0,1,0,0,0,0,1,0,0,1,1
000578,578000,-176,-144,320,0,-1904,-5328,7360,-16,0,0,1,0,0,0,1,0,0,0,0,1,0,0,1,1
000579,579000,-80,-208,288,-32,368,-6720,6480,16,0,0,1,0,0,0,1,0,0,0,0,1,0,0,1,1
000580,580000,16,-256,256,16,2688,-7472,4912,16,0,0,1,0,0,0,1,0,0,0,0,1,0,0,1,1
000581,581000,128,-320,176,-32,4768,-7520,2800,16,0,0,1,0,0,0,1,0,0,0,0,1,0,0,1,1
000582,582000,160,-304,96,16,6176,-6880,544,32,0,0,1,0,0,0,1,0,0,0,0,1,0,0,1,1
000583,583000,224,-272,32,16,7152,-5472,-1760,16,0,0,1,0,0,0,1,0,0,0,0,1,0,0,1,1
000584,584000,288,-224,-96,0,7424,-3472,-3968,16,0,0,1,0,0,0,1,0,0,0,0,1,0,0,1,1
000585,585000,352,-176,-176,0,6992,-1296,-5808,0,0,0,1,0,0,0,1,0,0,0,0,1,0,0,1,1
000586,586000,288,-48,-224,-16,5808,1008,-6944,32,0,0,1,0,0,0,1,0,0,0,0,1,0,0,1,1
000587,587000,240,48,-320,-16,4096,3296,-7440,0,0,0,1,0,0,0,1,0,0,0,0,1,0,0,1,1
000588,588000,160,160,-352,-16,1920,5328,-7360,16,0,0,1,0,0,0,1,0,0,0,0,1,0,0,1,1
000589,589000,80,208,-288,0,-432,6768,-6464,32,0,0,1,0,0,0,1,0,0,0,0,1,0,0,1,1
000590,590000,-32,320,-256,0,-2720,7520,-4880,32,0,0,1,0,0,0,1,0,0,0,0,1,0,0,1,1
000591,591000,-128,320,-192,-16,-4752,7568,-2816,-16,0,0,1,0,0,0,1,0,0,0,0,1,0,0,1,1
000592,592000,-208,304,-112,-32,-6144,6896,-576,32,0,0,1,0,0,0,1,0,0,0,0,1,0,0,1,1
000593,593000,-256,272,16,0,-7200,5440,1824,48,0,0,1,0,0,0,1,0,0,0,0,1,0,0,1,1
000594,594000,-320,208,80,32,-7440,3472,4000,-16,0,0,1,0,0,0,1,0,0,0,0,1,0,0,1,1
000595,595000,-320,160,160,-32,-7008,1344,5824,16,0,0,1,0,0,0,1,0,0,0,0,1,0,0,1,1
000596,596000,-304,32,240,16,-5856,-992,6976,16,0,0,1,0,0,0,1,0,0,0,0,1,0,0,1,1
000597,597000,-272,-48,304,-48,-4016,-3312,7472,-16,0,0,1,0,0,0,1,0,0,0,0,1,0,0,1,1
000598,598000,-176,-160,320,-32,-1920,-5328,7376,-16,0,0,1,0,0,0,1,0,0,0,0,1,0,0,1,1
000599,599000,-96,-208,320,-32,368,-6768,6496,0,0,0,1,0,0,0,1,0,0,0,0,1,0,0,1,1
000600,600000,32,-272,256,-16,2704,-7472,4880,-16,0,0,1,0,0,0,1,0,0,0,0,1,0,0,1,1
000601,601000,80,-336,208,-16,4768,-7536,2832,-16,0,0,1,0,0,0,1,0,0,0,0,1,0,0,1,1
000602,602000,208,-304,128,-32,6192,-6896,544,16,0,0,1,0,0,0,1,0,0,0,0,1,0,0,1,1
000603,603000,272,-288,32,-16,7152,-5440,-1760,16,0,0,1,0,0,0,1,0,0,0,0,1,0,0,1,1
000604,604000,304,-224,-112,-32,7376,-3472,-4016,16,0,0,1,0,0,0,1,0,0,0,0,1,0,0,1,1
000605,605000,336,-176,-192,16,6976,-1312,-5824,0,0,0,1,0,0,0,1,0,0,0,0,1,0,0,1,1
000606,606000,288,-64,-240,0,5840,992,-6944,32,0,0,1,0,0,0,1,0,0,0,0,1,0,0,1,1
000607,607000,256,80,-320,-32,4096,3344,-7424,16,0,0,1,0,0,0,1,0,0,0,0,1,0,0,1,1
000608,608000,192,112,-304,-16,1872,5376,-7312,16,0,0,1,0,0,0,1,0,0,0,0,1,0,0,1,1
000609,609000,80,208,-288,-16,-432,6768,-6448,16,0,0,1,0,0,0,1,0,0,0,0,1,0,0,1,1
000610,610000,-16,288,-256,0,-2720,7504,-4864,0,0,0,1,0,0,0,1,0,0,0,0,1,0,0,1,1
000611,611000,-128,320,-192,-16,-4784,7536,-2784,0,0,0,1,0,0,0,1,0,0,0,0,1,0,0,1,1
000612,612000,-176,320,-128,-16,-6192,6912,-544,32,0,0,1,0,0,0,1,0,0,0,0,1,0,0,1,1
000613,613000,-272,288,-16,-16,-7168,5424,1840,16,0,0,1,0,0,0,1,0,0,0,0,1,0,0,1,1
000614,614000,-336,208,96,-32,-7408,3456,4000,0,0,0,1,0,0,0,1,0,0,0,0,1,0,0,1,1
000615,615000,-336,144,176,-32,-6992,1296,5824,32,0,0,1,0,0,0,1,0,0,0,0,1,0,0,1,1
000616,616000,-304,16,208,16,-5856,-960,6960,16,0,0,1,0,0,0,1,0,0,0,0,1,0,0,1,1
000617,617000,-272,-64,320,-16,-4032,-3312,7456,0,0,0,1,0,0,0,1,0,0,0,0,1,0,0,1,1
000618,618000,-176,-144,352,-32,-1888,-5376,7344,-32,0,0,1,0,0,0,1,0,0,0,0,1,0,0,1,1
000619,619000,-96,-192,320,0,384,-6784,6448,0,0,0,1,0,0,0,1,0,0,0,0,1,0,0,1,1
000620,620000,16,-288,288,-16,2720,-7520,4912,16,0,0,1,0,0,0,1,0,0,0,0,1,0,0,1,1
000621,621000,96,-336,208,16,4768,-7536,2784,0,0,0,1,0,0,0,1,0,0,0,0,1,0,0,1,1
000622,622000,176,-304,112,-32,6192,-6896,544,16,0,0,1,0,0,0,1,0,0,0,0,1,0,0,1,1
000623,623000,240,-288,0,-16,7152,-5472,-1760,0,0,0,1,0,0,0,1,0,0,0,0,1,0,0,1,1
000624,624000,304,-224,-96,-32,7440,-3472,-4016,32,0,0,1,0,0,0,1,0,0,0,0,1,0,0,1,1
000625,625000,336,-176,-176,0,6992,-1296,-5824,32,0,0,1,0,0,0,1,0,0,0,0,1,0,0,1,1
000626,626000,304,-48,-224,0,5824,1024,-6960,0,0,0,1,0,0,0,1,0,0,0,0,1,0,0,1,1
000627,627000,240,32,-320,16,4096,3344,-7424,16,0,0,1,0,0,0,1,0,0,0,0,1,0,0,1,1
000628,628000,176,160,-336,-16,1904,5344,-7328,32,0,0,1,0,0,0,1,0,0,0,0,1,0,0,1,1
000629,629000,96,224,-304,-32,-416,6768,-6448,16,0,0,1,0,0,0,1,0,0,0,0,1,0,0,1,1
000630,630000,-48,288,-272,0,-2736,7536,-4848,-16,0,0,1,0,0,0,1,0,0,0,0,1,0,0,1,1
000631,631000,-144,320,-192,0,-4784,7536,-2800,-16,0,0,1,0,0,0,1,0,0,0,0,1,0,0,1,1
000632,632000,-208,304,-112,16,-6176,6928,-560,-16,0,0,1,0,0,0,1,0,0,0,0,1,0,0,1,1
000633,633000,-272,240,-16,-48,-7200,5440,1840,32,0,0,1,0,0,0,1,0,0,0,0,1,0,0,1,1
000634,634000,-288,208,96,0,-7440,3440,4016,-32,0,0,1,0,0,0,1,0,0,0,0,1,0,0,1,1
000635,635000,-320,128,176,-32,-7008,1312,5808,0,0,0,1,0,0,0,1,0,0,0,0,1,0,0,1,1
000636,636000,-288,64,240,0,-5856,-1008,6976,32,0,0,1,0,0,0,1,0,0,0,0,1,0,0,1,1
000637,637000,-272,-64,320,-16,-4064,-3344,7456,16,0,0,1,0,0,0,1,0,0,0,0,1,0,0,1,1
000638,638000,-208,-128,352,-32,-1904,-5344,7344,-16,0,0,1,0,0,0,1,0,0,0,0,1,0,0,1,1
000639,639000,-80,-240,304,-32,416,-6800,6464,32,0,0,1,0,0,0,1,0,0,0,0,1,0,0,1,1
000640,640000,32,-288,256,-16,2704,-7504,4864,16,0,0,1,0,0,0,1,0,0,0,0,1,0,0,0,0
000641,641000,160,-352,192,0,4752,-7520,2784,32,0,0,1,0,0,0,1,0,0,0,0,1,0,0,0,0
000642,642000,208,-288,112,-48,6208,-6896,544,-16,0,0,1,0,0,0,1,0,0,0,0,1,0,0,0,0
000643,643000,256,-272,0,16,7136,-5456,-1792,-16,0,0,1,0,0,0,1,0,0,0,0,1,0,0,0,0
000644,644000,288,-240,-96,-32,7408,-3424,-4000,0,0,0,1,0,0,0,1,0,0,0,0,1,0,0,0,0
000645,645000,352,-160,-192,-48,6976,-1296,-5824,-16,0,0,1,0,0,0,1,0,0,0,0,1,0,0,0,0
000646,646000,320,-48,-240,16,5840,1056,-6960,32,0,0,1,0,0,0,1,0,0,0,0,1,0,0,0,0
000647,647000,256,16,-288,-32,4144,4096,-7344,32,0,0,1,0,0,0,1,0,0,0,0,1,0,0,0,0
000648,648000,224,-16,-208,0,2480,6432,-6784,32,0,0,1,0,0,0,1,0,0,0,0,1,0,0,0,0
000649,649000,160,0,-208,-16,400,8224,-5344,16,0,0,1,0,0,0,1,0,0,0,0,1,0,0,0,0
000650,650000,96,0,-160,0,-1600,9088,-3680,16,0,0,1,0,0,0,1,0,0,0,0,1,0,0,0,0
000651,651000,32,16,-64,16,-3648,8800,-1792,32,0,0,1,0,0,0,1,0,0,0,0,1,0,0,0,0
000652,652000,0,-16,0,16,-5888,7328,400,32,0,0,1,0,0,0,1,0,0,0,0,1,0,0,0,0
000653,653000,0,-16,0,0,-7728,5024,1952,32,0,0,1,0,0,0,1,0,0,0,0,1,0,0,0,0
000654,654000,-16,16,-16,0,-8640,2208,3360,0,0,0,1,0,0,0,1,0,0,0,0,1,0,0,0,0
000655,655000,-16,16,0,0,-8576,-688,4528,0,0,0,1,0,0,0,1,0,0,0,0,1,0,0,0,0
000656,656000,-16,32,16,16,-7648,-3424,5296,0,0,0,1,0,0,0,1,0,0,0,0,1,0,0,0,0
000657,657000,-32,16,-16,-32,-5840,-5712,5728,16,0,0,1,0,0,0,1,0,0,0,0,1,0,0,0,0
000658,658000,0,16,-32,0,-3248,-7408,5728,-16,0,0,1,0,0,0,1,0,0,0,0,1,0,0,0,0
000659,659000,-16,16,16,0,-304,-8208,5232,32,0,0,1,0,0,0,1,0,0,0,0,1,0,0,0,0
000660,660000,-16,0,16,16,2832,-8208,4272,-32,0,0,1,1,0,0,1,0,0,0,0,1,0,0,0,0
000661,661000,0,-16,16,-16,5520,-7216,2896,16,0,0,1,1,0,0,1,0,0,0,0,1,0,0,0,0
000662,662000,-32,16,-16,0,7600,-5680,1280,16,0,0,1,1,0,0,1,0,0,0,0,1,0,0,0,0
000663,663000,0,0,16,0,9136,-3664,-608,16,0,0,1,1,0,0,1,0,0,0,0,1,0,0,0,0
000664,664000,0,0,32,-32,9504,-1312,-2480,0,0,0,1,1,0,0,1,0,0,0,0,1,0,0,0,0
000665,665000,16,-16,-32,-16,8800,912,-4320,16,0,0,1,1,0,0,1,0,0,0,0,1,0,0,0,0
000666,666000,16,0,-16,-48,7184,3008,-5776,-16,0,0,1,1,0,0,1,0,0,0,0,1,0,0,0,0
000667,667000,0,-16,-32,16,4768,4720,-6752,16,0,0,1,1,0,0,1,0,0,0,0,1,0,0,0,0
000668,668000,-16,32,-16,-16,1808,5968,-7136,16,0,0,1,1,0,0,1,0,0,0,0,1,0,0,0,0
000669,669000,-16,-16,-16,-32,-1392,6528,-6848,-16,0,0,1,1,0,0,1,0,0,0,0,1,0,0,0,0
000670,670000,-32,16,-16,16,-4384,6544,-5888,32,0,0,0,1,0,0,1,0,0,0,0,1,0,0,0,0
000671,671000,-32,-16,16,-16,-6816,5984,-4176,64,0,0,0,1,0,0,1,0,0,0,0,1,0,0,0,0
000672,672000,-16,0,0,-16,-8336,4944,-1952,16,0,0,0,1,0,0,1,0,0,0,0,1,0,0,0,0
000673,673000,-16,0,16,-16,-9248,3536,512,0,0,0,0,1,0,0,1,0,0,0,0,1,0,0,0,0
000674,674000,0,-16,-16,0,-8992,1888,3104,48,0,0,0,1,0,0,1,0,0,0,0,1,0,0,0,0
000675,675000,-32,16,0,-32,-7728,144,5392,32,0,0,0,1,0,0,1,0,0,0,0,1,0,0,0,0
000676,676000,0,-32,-16,-16,-5744,-1536,7232,16,0,0,0,1,0,0,1,0,0,0,0,1,0,0,0,0
000677,677000,-32,16,0,-16,-3216,-3120,8336,16,0,0,0,1,0,0,1,0,0,0,0,1,0,0,0,0
000678,678000,-16,16,-16,0,-336,-4480,8624,48,0,0,0,1,0,0,1,0,0,0,0,1,0,0,0,0
000679,679000,-32,32,0,-32,2512,-5440,7936,-32,0,0,0,1,0,0,1,0,0,0,0,1,0,0,0,0
000680,680000,0,0,16,-32,5008,-5984,6432,0,0,0,0,1,0,0,1,0,0,0,0,1,0,1,0,0
000681,681000,-16,16,16,0,6800,-6032,4128,-16,0,0,0,1,0,0,1,0,0,0,0,1,0,1,0,0
000682,682000,-32,16,32,16,7744,-5536,1312,0,0,0,0,1,0,0,1,0,0,0,0,1,0,1,0,0
000683,683000,0,0,-32,-16,8192,-4624,-1632,32,0,0,0,1,0,0,1,0,0,0,0,1,0,1,0,0
000684,684000,16,16,-48,0,7552,-3248,-4512,16,0,0,0,1,0,0,1,0,0,0,0,1,0,1,0,0
000685,685000,16,32,0,16,6208,-1616,-6912,0,0,0,0,1,0,0,1,0,0,0,0,1,0,1,0,0
000686,686000,-16,-32,0,-16,4400,256,-8560,-16,0,0,0,1,0,0,1,0,0,0,0,1,0,1,0,0
000687,687000,-32,-16,0,-32,2192,2240,-9312,0,0,0,0,1,0,0,1,0,0,0,0,1,0,1,0,0
000688,688000,0,0,16,-16,-160,4096,-9072,16,0,0,0,1,0,0,1,0,0,0,0,1,0,1,0,0
000689,689000,-16,0,16,-16,-2400,5616,-7776,32,0,0,0,1,0,0,1,0,0,0,0,1,0,1,0,0
000690,690000,-32,0,-32,0,-4288,6688,-5696,0,0,0,0,1,0,0,0,0,0,0,0,1,0,1,0,0
000691,691000,-32,32,-16,16,-5648,7152,-2960,32,0,0,0,1,0,0,0,0,0,0,0,1,0,1,0,0
000692,692000,16,-16,0,-16,-6384,6976,96,32,0,0,0,1,0,0,0,0,0,0,0,1,0,1,0,0
000693,693000,-32,-16,-32,0,-6720,6096,3088,-16,0,0,0,1,0,0,0,0,0,0,0,1,0,1,0,0
000694,694000,-16,16,16,16,-6336,4512,5728,0,0,0,0,1,0,0,0,0,0,0,0,1,0,1,0,0
000695,695000,16,16,0,-32,-5392,2448,7728,16,0,0,0,1,0,0,0,0,0,0,0,1,0,1,0,0
000696,696000,-16,16,32,-16,-4112,64,8896,32,0,0,0,1,0,0,0,0,0,0,0,1,0,1,0,0
000697,697000,-16,0,-16,-16,-2448,-2448,9056,16,0,0,0,1,0,0,0,0,0,0,0,1,0,1,0,0
000698,698000,0,32,32,-16,-624,-4848,8320,16,0,0,0,1,0,0,0,0,0,0,0,1,0,1,0,0
000699,699000,-16,-16,-32,0,1248,-6768,6672,-16,0,0,0,1,0,0,0,0,0,0,0,1,0,1,0,0
000700,700000,-16,16,16,0,2992,-8096,4384,16,0,0,0,1,0,0,0,0,0,0,0,1,0,1,0,0
000701,701000,-32,0,16,-16,4320,-8480,1584,16,0,0,0,1,0,0,0,0,0,0,0,1,0,1,0,0
000702,702000,-48,16,16,-16,5264,-8048,-1200,16,0,0,0,1,0,0,0,0,0,0,0,1,0,1,0,0
000703,703000,16,-16,-16,-32,6000,-6752,-3792,-16,0,0,0,1,0,0,0,0,0,0,0,1,0,1,0,0
000704,704000,32,32,16,0,6128,-4672,-5952,32,0,0,0,1,0,0,0,0,0,0,0,1,0,1,0,0
000705,705000,0,32,32,16,5696,-2096,-7392,16,0,0,0,1,0,0,0,0,0,0,0,1,0,1,0,0
000706,706000,16,16,0,16,4896,800,-8032,16,0,0,0,1,0,0,0,0,0,0,0,1,0,1,0,0
000707,707000,-32,0,-16,-48,3584,3664,-7904,0,0,0,0,1,0,0,0,0,0,0,0,1,0,1,0,0
000708,708000,-48,-32,32,32,1904,6192,-6992,16,0,0,0,1,0,0,0,0,0,0,0,1,0,1,0,0
000709,709000,-16,0,-16,-32,-32,8016,-5360,32,0,0,0,1,0,0,0,0,0,0,0,1,0,1,0,0
000710,710000,-32,16,-16,-16,-1968,9088,-3328,32,0,0,0,1,0,0,0,0,0,0,0,1,0,1,0,0
000711,711000,16,-32,0,-16,-3760,9104,-1040,16,0,0,0,1,0,0,0,0,0,0,0,1,0,1,0,0
000712,712000,16,-32,0,-16,-5184,8192,1312,16,0,0,0,1,0,0,0,0,0,0,0,1,0,1,0,0
000713,713000,-16,16,-16,-16,-6464,6336,3392,0,0,0,0,1,0,0,0,0,0,0,0,1,0,1,0,0
000714,714000,16,-32,16,-32,-6992,3808,5120,-16,0,0,0,1,0,0,0,0,0,0,0,1,0,1,0,0
000715,715000,-32,0,-16,16,-6864,928,6240,0,0,0,0,1,0,0,0,0,0,0,0,1,0,1,0,0
000716,716000,-16,16,-16,16,-6144,-2064,6784,16,0,0,0,1,0,0,0,0,0,0,0,1,0,1,0,0
000717,717000,-16,-32,48,-16,-4768,-4816,6736,-32,0,0,0,1,0,0,0,0,0,0,0,1,0,1,0,0
000718,718000,-16,32,32,-16,-2784,-7024,6064,32,0,0,0,1,0,0,0,0,0,0,0,1,0,1,0,0
000719,719000,-32,0,0,0,-448,-8528,4896,-16,0,0,0,1,0,0,0,0,0,0,0,1,0,1,0,0
000720,720000,-16,32,-48,16,2048,-9024,3360,0,0,0,0,1,0,0,0,0,0,0,0,1,0,1,0,0
000721,721000,0,16,0,-16,4256,-8544,1504,32,0,0,0,1,0,0,0,0,0,0,0,1,0,1,0,0
000722,722000,-16,-16,16,0,6032,-7168,-448,16,0,0,0,1,0,0,0,0,0,0,0,1,0,1,0,0
000723,723000,-16,32,-32,16,7536,-5152,-2256,16,0,0,0,1,0,0,0,0,0,0,0,1,0,1,0,0
000724,724000,-16,16,-32,-32,8192,-2544,-3888,32,0,0,0,1,0,0,0,0,0,0,0,1,0,1,0,0
000725,725000,0,-16,16,-16,7952,160,-5200,0,0,0,0,1,0,0,0,0,0,0,0,1,0,1,0,0
000726,726000,-16,16,0,16,6880,2848,-6000,0,0,0,0,1,0,0,0,0,0,0,0,1,0,1,0,0
000727,727000,16,-16,32,-16,5120,5168,-6336,0,0,0,0,1,0,0,0,0,0,0,0,1,0,1,0,0
000728,728000,-48,32,0,32,2656,6960,-6144,48,0,0,0,1,0,0,0,0,0,0,0,1,0,1,0,0
000729,729000,-16,0,-32,-48,-144,7952,-5440,-16,0,0,0,1,0,0,0,0,0,0,0,1,0,1,0,0
000730,730000,-16,-16,-32,-16,-2928,8192,-4256,16,0,0,0,1,0,0,0,0,0,0,0,1,0,1,0,0
000731,731000,-32,-16,16,-16,-5392,7472,-2640,16,0,0,0,1,0,0,0,0,0,0,0,1,0,1,0,0
000732,732000,-16,0,16,16,-7200,6096,-704,16,0,0,0,1,0,0,0,0,0,0,0,1,0,1,0,0
000733,733000,16,-16,-16,-48,-8528,4192,1312,16,0,0,0,1,0,0,0,0,0,0,0,1,0,1,0,0
000734,734000,-16,0,-16,-32,-8880,1904,3216,-16,0,0,0,1,0,0,0,0,0,0,0,1,0,1,0,0
000735,735000,-32,32,-16,-16,-8240,-416,4944,16,0,0,0,1,0,0,0,0,0,0,0,1,0,1,0,0
000736,736000,-16,-16,0,-48,-6720,-2656,6224,0,0,0,0,1,0,0,0,0,0,0,0,1,0,1,0,0
000737,737000,16,0,-16,-16,-4496,-4560,6992,-32,0,0,0,1,0,0,0,0,0,0,0,1,0,1,0,0
000738,738000,0,32,16,16,-1712,-6016,7136,32,0,0,0,1,0,0,0,0,0,0,0,1,0,1,0,0
000739,739000,-32,-16,-16,16,1216,-6864,6528,16,0,0,0,1,0,0,0,0,0,0,0,1,0,1,0,0
000740,740000,-32,16,-16,0,3984,-7056,5328,16,0,0,0,1,0,0,0,0,0,0,0,1,0,1,0,0
000741,741000,-16,0,0,0,6272,-6576,3504,32,0,0,0,1,0,0,0,0,0,0,0,1,0,1,0,0
000742,742000,16,32,-48,-16,7776,-5520,1312,32,0,0,0,1,0,0,0,0,0,0,0,1,0,1,0,0
000743,743000,0,-16,16,32,8704,-4016,-1104,16,0,0,0,1,0,0,0,0,0,0,0,1,0,1,0,0
000744,744000,16,32,-16,-16,8576,-2176,-3472,32,0,0,0,1,0,0,0,0,0,0,0,1,0,1,0,0
000745,745000,16,16,-16,16,7584,-256,-5600,0,0,0,0,1,0,0,0,0,0,0,0,1,0,1,0,0
000746,746000,0,16,0,0,5792,1744,-7152,48,0,0,0,1,0,0,0,0,0,0,0,1,0,1,0,0
000747,747000,-32,0,16,0,3440,3536,-8032,32,0,0,0,1,0,0,0,0,0,0,0,1,0,1,0,0
000748,748000,16,16,0,0,736,5040,-8208,64,0,0,0,1,0,0,0,0,0,0,0,1,0,1,0,0
000749,749000,-16,0,32,-16,-2000,6064,-7328,16,0,0,0,1,0,0,0,0,0,0,0,1,0,1,0,0
000750,750000,-16,16,-16,-48,-4480,6576,-5792,16,0,0,0,1,0,0,0,0,0,0,0,1,0,1,0,0
000751,751000,-16,-16,16,-48,-6368,6528,-3552,0,0,0,0,1,0,0,0,0,0,0,0,1,0,1,0,0
000752,752000,16,16,16,-32,-7456,5840,-928,0,0,0,0,1,0,0,0,0,0,0,0,1,0,1,0,0
000753,753000,0,16,-16,16,-8048,4720,1776,16,0,0,0,1,0,0,0,0,0,0,0,1,0,1,0,0
000754,754000,0,0,0,-16,-7664,3104,4448,-16,0,0,0,1,0,0,0,0,0,0,0,1,0,1,0,0
000755,755000,0,32,0,16,-6544,1216,6640,16,0,0,0,1,0,0,0,0,0,0,0,1,0,1,0,0
000756,756000,0,-16,16,32,-4896,-768,8192,16,0,0,0,1,0,0,0,0,0,0,0,1,0,1,0,0
000757,757000,0,16,0,16,-2720,-2848,8768,32,0,0,0,1,0,0,0,0,0,0,0,1,0,1,0,0
000758,758000,16,32,32,-16,-352,-4672,8528,16,0,0,0,1,0,0,0,0,0,0,0,1,0,1,0,0
000759,759000,-16,-16,16,-32,2048,-6096,7328,16,0,0,0,1,0,0,0,0,0,0,0,1,0,1,0,0
000760,760000,16,0,16,0,4112,-6992,5392,-16,0,0,0,1,0,0,0,0,0,0,0,1,0,1,0,0
000761,761000,-32,16,-16,16,5632,-7216,2832,16,0,0,0,1,0,0,0,0,0,0,0,1,0,1,0,0
000762,762000,-32,16,16,0,6512,-6768,-16,16,0,0,0,1,0,0,0,0,0,0,0,1,0,1,0,0
000763,763000,0,-32,0,-16,7056,-5632,-2768,16,0,0,0,1,0,0,0,0,0,0,0,1,0,1,0,0
000764,764000,-48,16,0,-16,6800,-3968,-5328,16,0,0,0,1,0,0,0,0,0,0,0,1,0,1,0,0
000765,765000,0,-32,16,16,5920,-1856,-7216,16,0,0,0,1,0,0,0,0,0,0,0,1,0,1,0,0
000766,766000,-16,-16,0,0,4560,544,-8400,32,0,0,0,1,0,0,0,0,0,0,0,1,0,1,0,0
000767,767000,-16,16,0,0,2800,2912,-8640,16,0,0,0,1,0,0,0,0,0,0,0,1,0,1,0,0
000768,768000,-48,0,32,16,784,5120,-8048,16,0,0,0,1,0,0,0,0,0,0,0,1,0,1,0,0
000769,769000,0,-16,32,32,-1296,6816,-6576,0,0,0,0,1,0,0,0,0,0,0,0,1,0,1,0,0
000770,770000,-32,0,16,-16,-3216,7888,-4464,32,0,0,0,1,0,0,0,0,0,0,0,1,0,1,0,0
000771,771000,0,16,-16,-32,-4752,8192,-1904,16,0,0,0,1,0,0,0,0,0,0,0,1,0,1,0,0
000772,772000,-16,0,-16,-16,-5760,7568,736,32,0,0,0,1,0,0,0,0,0,0,0,1,0,1,0,0
000773,773000,-16,-16,-16,32,-6560,6192,3360,32,0,0,0,1,0,0,0,0,0,0,0,1,0,1,0,0
000774,774000,-32,16,0,0,-6624,4160,5536,0,0,0,0,1,0,0,0,0,0,0,0,1,0,1,0,0
000775,775000,-32,16,0,16,-6064,1680,7104,32,0,0,0,1,0,0,0,0,0,0,0,1,0,1,0,0
000776,776000,0,16,0,-16,-5056,-1008,7920,16,0,0,0,1,0,0,0,0,0,0,0,1,0,1,0,0
000777,777000,-32,0,-32,0,-3568,-3648,7920,-16,0,0,0,1,0,0,0,0,0,0,0,1,0,1,0,0
000778,778000,0,0,32,-48,-1664,-5984,7184,-16,0,0,0,1,0,0,0,0,0,0,0,1,0,1,0,0
000779,779000,-16,16,-16,-16,400,-7680,5712,16,0,0,0,1,0,0,0,0,0,0,0,1,0,1,0,0
000780,780000,-32,0,-16,32,2512,-8592,3776,16,0,0,0,1,0,0,0,0,0,0,0,1,0,1,0,0
000781,781000,-16,0,16,0,4256,-8576,1456,-16,0,0,0,1,0,0,0,0,0,0,0,1,0,1,0,0
000782,782000,0,16,16,16,5648,-7648,-912,16,0,0,0,1,0,0,0,0,0,0,0,1,0,1,0,0
000783,783000,32,-32,0,-16,6768,-5952,-3072,0,0,0,0,1,0,0,0,0,0,0,0,1,0,1,0,0
000784,784000,16,-16,0,-16,7088,-3600,-5008,16,0,0,0,1,0,0,0,0,0,0,0,1,0,1,0,0
000785,785000,0,-32,16,0,6768,-912,-6368,32,0,0,0,1,0,0,0,0,0,0,0,1,0,1,0,0
000786,786000,-32,-16,0,-16,5840,1856,-7040,16,0,0,0,1,0,0,0,0,0,0,0,1,0,1,0,0
000787,787000,-32,16,0,16,4304,4480,-7120,0,0,0,0,1,0,0,0,0,0,0,0,1,0,1,0,0
000788,788000,16,16,-16,-32,2256,6624,-6528,32,0,0,0,1,0,0,0,0,0,0,0,1,0,1,0,0
000789,789000,-48,-16,-16,-16,-80,8080,-5328,16,0,0,0,1,0,0,0,0,0,0,0,1,0,1,0,0
000790,790000,16,16,-32,0,-2464,8656,-3728,32,0,0,0,1,0,0,0,0,0,0,0,1,0,1,0,0
000791,791000,0,32,32,-48,-4544,8336,-1696,16,0,0,0,1,0,0,0,0,0,0,0,1,0,1,0,0
000792,792000,16,16,16,16,-6192,7120,368,16,0,0,0,1,0,0,0,0,0,0,0,1,0,1,0,0
000793,793000,32,-32,16,0,-7488,5248,2400,32,0,0,0,1,0,0,0,0,0,0,0,1,0,1,0,0
000794,794000,-32,0,-16,16,-7952,2784,4176,32,0,0,0,1,0,0,0,0,0,0,0,1,0,1,0,0
000795,795000,16,16,0,-16,-7568,176,5616,16,0,0,0,1,0,0,0,0,0,0,0,1,0,1,0,0
000796,796000,-16,32,32,-32,-6448,-2432,6512,16,0,0,0,1,0,0,0,0,0,0,0,1,0,1,0,0
000797,797000,0,0,16,0,-4640,-4768,6848,32,0,0,0,1,0,0,0,0,0,0,0,1,0,1,0,0
000798,798000,0,16,32,0,-2288,-6608,6560,16,0,0,0,1,0,0,0,0,0,0,0,1,0,1,0,0
000799,799000,0,-32,-32,0,384,-7728,5648,16,0,0,0,1,0,0,0,0,0,0,0,1,0,1,0,0
000800,800000,-16,0,-32,0,3040,-8080,4272,32,0,0,0,1,0,0,0,0,0,0,0,1,0,1,0,0
000801,801000,16,16,16,-32,5296,-7568,2416,0,0,0,0,1,0,0,0,0,0,0,0,1,0,1,0,0
000802,802000,-32,16,-16,-48,6976,-6336,384,16,0,0,0,1,0,0,0,0,0,0,0,1,0,1,0,0
000803,803000,-16,32,0,16,8192,-4512,-1712,32,0,0,0,1,0,0,0,0,0,0,0,1,0,1,0,0
000804,804000,-48,0,0,32,8416,-2256,-3696,32,0,0,0,1,0,0,0,0,0,0,0,1,0,1,0,0
000805,805000,-16,0,16,-32,7744,64,-5392,16,0,0,0,1,0,0,0,0,0,0,0,1,0,1,0,0
000806,806000,-16,32,-32,-16,6352,2400,-6560,32,0,0,0,1,0,0,0,0,0,0,0,1,0,1,0,0
000807,807000,-32,0,-32,-16,4256,4432,-7184,32,0,0,0,1,0,0,0,0,0,0,0,1,0,1,0,0
000808,808000,-32,-16,16,16,1632,6064,-7104,-16,0,0,0,1,0,0,0,0,0,0,0,1,0,1,0,0
000809,809000,-16,16,0,-32,-1120,7040,-6368,16,0,0,0,1,0,0,0,0,0,0,0,1,0,1,0,0
000810,810000,32,32,0,16,-3760,7360,-5024,16,0,0,0,1,0,0,0,0,0,0,0,1,0,1,0,0
000811,811000,0,-16,16,-32,-5872,6944,-3040,32,0,0,0,1,0,0,0,0,0,0,0,1,0,1,0,0
000812,812000,0,0,-16,0,-7376,5920,-816,32,0,0,0,1,0,0,0,0,0,0,0,1,0,1,0,0
000813,813000,-16,-16,-32,-16,-8352,4416,1584,16,0,0,0,1,0,0,0,0,0,0,0,1,0,1,0,0
000814,814000,-32,0,-32,-16,-8336,2416,3808,16,0,0,0,1,0,0,0,0,0,0,0,1,0,1,0,0
000815,815000,0,16,-32,0,-7360,352,5776,0,0,0,0,1,0,0,0,0,0,0,0,1,0,1,0,0
000816,816000,-16,32,16,-16,-5776,-1744,7136,16,0,0,0,1,0,0,0,0,0,0,0,1,0,1,0,0
000817,817000,-32,-16,-32,-16,-3568,-3744,7904,16,0,0,0,1,0,0,0,0,0,0,0,1,0,1,0,0
000818,818000,0,32,-32,0,-976,-5328,7824,48,0,0,0,1,0,0,0,0,0,0,0,1,0,1,0,0
000819,819000,0,16,32,0,1680,-6480,6944,16,0,0,0,1,0,0,0,0,0,0,0,1,0,1,0,0
000820,820000,0,-32,-16,16,4128,-6992,5376,32,0,0,0,1,0,0,0,0,0,0,0,1,0,1,0,0
000821,821000,16,-16,16,-48,6032,-6848,3184,16,0,0,0,1,0,0,0,0,0,0,0,1,0,1,0,0
000822,822000,0,16,-32,16,7200,-6080,640,16,0,0,0,1,0,0,0,0,0,0,0,1,0,1,0,0
000823,823000,-32,-32,16,-16,7920,-4768,-1968,0,0,0,0,1,0,0,0,0,0,0,0,1,0,1,0,0
000824,824000,-16,-32,16,0,7728,-2992,-4448,-32,0,0,0,1,0,0,0,0,0,0,0,1,0,1,0,0
000825,825000,16,16,-16,0,6704,-976,-6448,32,0,0,0,1,0,0,0,0,0,0,0,1,0,1,0,0
000826,826000,-16,-16,0,-16,5120,1152,-7808,-16,0,0,0,1,0,0,0,0,0,0,0,1,0,1,0,0
000827,827000,0,0,-32,-16,3024,3248,-8384,16,0,0,0,1,0,0,0,0,0,0,0,1,0,1,0,0
000828,828000,-32,48,-16,-16,624,5088,-8112,32,0,0,0,1,0,0,0,0,0,0,0,1,0,1,0,0
000829,829000,16,-16,0,-32,-1728,6464,-6976,-16,0,0,0,1,0,0,0,0,0,0,0,1,0,1,0,0
000830,830000,-32,0,32,-32,-3904,7232,-5168,16,0,0,0,1,0,0,0,0,0,0,0,1,0,1,0,0
000831,831000,0,0,0,-32,-5584,7296,-2704,0,0,0,0,1,0,0,0,0,0,0,0,1,0,1,0,0
000832,832000,-16,-16,0,-32,-6656,6672,-48,16,0,0,0,1,0,0,0,0,0,0,0,1,0,1,0,0
000833,833000,16,-16,0,-16,-7312,5440,2672,0,0,0,0,1,0,0,0,0,0,0,0,1,0,1,0,0
000834,834000,16,32,16,-16,-7136,3632,5040,-16,0,0,0,1,0,0,0,0,0,0,0,1,0,1,0,0
000835,835000,16,32,-16,-48,-6240,1440,6912,-16,0,0,0,1,0,0,0,0,0,0,0,1,0,1,0,0
000836,836000,-16,0,16,-16,-4912,-944,8048,16,0,0,0,1,0,0,0,0,0,0,0,1,0,1,0,0
000837,837000,-16,0,32,-16,-3072,-3264,8400,0,0,0,0,1,0,0,0,0,0,0,0,1,0,1,0,0
000838,838000,32,-32,-16,0,-944,-5328,7888,32,0,0,0,1,0,0,0,0,0,0,0,1,0,1,0,0
000839,839000,-16,-16,0,0,1312,-6880,6480,-16,0,0,0,1,0,0,0,0,0,0,0,1,0,1,0,0
000840,840000,-48,-16,0,0,3344,-7824,4576,0,0,0,0,1,0,0,0,0,0,0,0,1,0,1,0,0
000841,841000,-32,16,-32,0,4960,-7904,2096,-16,0,0,0,1,0,0,0,0,0,0,0,1,0,1,0,0
000842,842000,0,16,-16,-16,6080,-7232,-528,32,0,0,0,1,0,0,0,0,0,0,0,1,0,1,0,0
000843,843000,-16,-16,16,0,6896,-5792,-3024,0,0,0,0,1,0,0,0,0,0,0,0,1,0,1,0,0
000844,844000,16,0,32,-16,6928,-3776,-5216,-16,0,0,0,1,0,0,0,0,0,0,0,1,0,1,0,0
000845,845000,16,32,16,-32,6304,-1376,-6848,32,0,0,0,1,0,0,0,0,0,0,0,1,0,1,0,0
000846,846000,16,16,-16,32,5168,1232,-7760,16,0,0,0,1,0,0,0,0,0,0,0,1,0,1,0,0
000847,847000,-16,-16,16,0,3504,3744,-7904,16,0,0,0,1,0,0,0,0,0,0,0,1,0,1,0,0
000848,848000,-48,-48,0,32,1488,5920,-7296,32,0,0,0,1,0,0,0,0,0,0,0,1,0,1,0,0
000849,849000,-32,-16,-48,0,-688,7488,-5936,0,0,0,0,1,0,0,0,0,0,0,0,1,0,1,0,0
000850,850000,-32,32,16,16,-2816,8304,-4032,16,0,0,0,1,0,0,0,0,0,0,0,1,0,1,0,0
000851,851000,-16,-16,0,0,-4624,8224,-1728,0,0,0,0,1,0,0,0,0,0,0,0,1,0,1,0,0
000852,852000,-16,-48,16,-48,-5952,7344,640,32,0,0,0,1,0,0,0,0,0,0,0,1,0,1,0,0
000853,853000,-32,0,0,16,-6992,5712,2912,32,0,0,0,1,0,0,0,0,0,0,0,1,0,1,0,0
000854,854000,16,16,16,0,-7264,3488,4944,32,0,0,0,1,0,0,0,0,0,0,0,1,0,1,0,0
000855,855000,-16,32,-16,-32,-6784,880,6432,16,0,0,0,1,0,0,0,0,0,0,0,1,0,1,0,0
000856,856000,0,0,16,-32,-5712,-1776,7216,-16,0,0,0,1,0,0,0,0,0,0,0,1,0,1,0,0
000857,857000,-16,16,-32,0,-4112,-4272,7408,32,0,0,0,1,0,0,0,0,0,0,0,1,0,1,0,0
000858,858000,0,16,-32,16,-1920,-6336,6880,32,0,0,0,1,0,0,0,0,0,0,0,1,0,1,0,0
000859,859000,-16,16,32,-32,384,-7760,5664,16,0,0,0,1,0,0,0,0,0,0,0,1,0,1,0,0
000860,860000,16,-16,-16,-16,2784,-8384,3952,0,0,0,0,1,0,0,0,0,0,0,0,1,0,1,0,0
000861,861000,16,-16,-16,32,4784,-8080,1872,-16,0,0,0,1,0,0,0,0,0,0,0,1,0,1,0,0
000862,862000,16,-16,0,-32,6320,-6992,-304,16,0,0,0,1,0,0,0,0,0,0,0,1,0,1,0,0
000863,863000,-32,0,16,-16,7440,-5232,-2448,16,0,0,0,1,0,0,0,0,0,0,0,1,0,1,0,0
000864,864000,0,0,16,-32,7776,-2912,-4336,16,0,0,0,1,0,0,0,0,0,0,0,1,0,1,0,0
000865,865000,-16,16,16,0,7296,-384,-5888,16,0,0,0,1,0,0,0,0,0,0,0,1,0,1,0,0
000866,866000,16,16,-32,-16,6096,2208,-6800,16,0,0,0,1,0,0,0,0,0,0,0,1,0,1,0,0
000867,867000,0,-16,16,16,4304,4528,-7088,0,0,0,0,1,0,0,0,0,0,0,0,1,0,1,0,0
000868,868000,16,0,0,-16,1968,6384,-6800,-16,0,0,0,1,0,0,0,0,0,0,0,1,0,1,0,0
000869,869000,16,0,0,32,-608,7568,-5840,16,0,0,0,1,0,0,0,0,0,0,0,1,0,1,0,0
000870,870000,-16,0,-16,-16,-3120,8064,-4320,-16,0,0,0,1,0,0,0,0,0,0,0,1,0,1,0,0
000871,871000,-32,-32,0,-16,-5264,7632,-2368,32,0,0,0,1,0,0,0,0,0,0,0,1,0,1,0,0
000872,872000,0,-16,-32,-32,-6800,6480,-224,0,0,0,0,1,0,0,0,0,0,0,0,1,0,1,0,0
000873,873000,16,16,-16,-16,-7952,4768,2000,16,0,0,0,1,0,0,0,0,0,0,0,1,0,1,0,0
000874,874000,16,0,64,-16,-8208,2592,4016,32,0,0,0,1,0,0,0,0,0,0,0,1,0,1,0,0
000875,875000,32,0,-32,-16,-7488,208,5664,0,0,0,0,1,0,0,0,0,0,0,0,1,0,1,0,0
000876,876000,0,16,-16,16,-6112,-2144,6800,16,0,0,0,1,0,0,0,0,0,0,0,1,0,1,0,0
000877,877000,0,-16,-16,-16,-4112,-4304,7328,0,0,0,0,1,0,0,0,0,0,0,0,1,0,1,0,0
000878,878000,32,16,-16,0,-1600,-6016,7200,16,0,0,0,1,0,0,0,0,0,0,0,1,0,1,0,0
000879,879000,-32,-16,-16,-32,1056,-7120,6304,16,0,0,0,1,0,0,0,0,0,0,0,1,0,1,0,0
000880,880000,-16,32,0,0,3632,-7536,4832,32,0,0,0,1,0,0,0,0,0,0,0,1,0,1,0,0
000881,881000,-32,-48,0,0,5696,-7168,2784,32,0,0,0,1,0,0,0,0,0,0,0,1,0,1,0,0
000882,882000,-16,-32,16,-48,7120,-6144,528,-16,0,0,0,1,0,0,0,0,0,0,0,1,0,1,0,0
000883,883000,32,0,-16,-16,8064,-4608,-1856,32,0,0,0,1,0,0,0,0,0,0,0,1,0,1,0,0
000884,884000,-32,16,-16,-16,8080,-2608,-4112,16,0,0,0,1,0,0,0,0,0,0,0,1,0,1,0,0
000885,885000,-16,0,16,16,7232,-432,-5936,0,0,0,0,1,0,0,0,0,0,0,0,1,0,1,0,0
000886,886000,16,0,16,-32,5744,1744,-7168,16,0,0,0,1,0,0,0,0,0,0,0,1,0,1,0,0
000887,887000,0,-16,32,0,3616,3856,-7776,16,0,0,0,1,0,0,0,0,0,0,0,1,0,1,0,0
000888,888000,-16,0,16,-16,1152,5584,-7616,16,0,0,0,1,0,0,0,0,0,0,0,1,0,1,0,0
000889,889000,16,16,0,-32,-1472,6736,-6656,16,0,0,0,1,0,0,0,0,0,0,0,1,0,1,0,0
000890,890000,-16,16,-16,-16,-3888,7280,-5088,16,0,0,0,1,0,0,0,0,0,0,0,1,0,1,0,0
000891,891000,16,-64,-16,-32,-5776,7104,-2880,0,0,0,0,1,0,0,0,0,0,0,0,1,0,1,0,0
000892,892000,16,-32,0,-16,-7040,6272,-448,16,0,0,0,1,0,0,0,0,0,0,0,1,0,1,0,0
000893,893000,0,16,-32,-32,-7840,4848,2128,0,0,0,0,1,0,0,0,0,0,0,0,1,0,1,0,0
000894,894000,-32,-16,16,16,-7712,3008,4432,16,0,0,0,1,0,0,0,0,0,0,0,1,0,1,0,0
000895,895000,-16,-16,16,-16,-6800,848,6384,0,0,0,0,1,0,0,0,0,0,0,0,1,0,1,0,0
000896,896000,0,16,0,-32,-5280,-1360,7648,-16,0,0,0,1,0,0,0,0,0,0,0,1,0,1,0,0
000897,897000,-16,-16,16,-32,-3248,-3504,8192,16,0,0,0,1,0,0,0,0,0,0,0,1,0,1,0,0
000898,898000,-16,16,-32,-16,-912,-5296,7856,32,0,0,0,1,0,0,0,0,0,0,0,1,0,1,0,0
000899,899000,0,16,-48,-16,1504,-6640,6704,0,0,0,0,1,0,0,0,0,0,0,0,1,0,1,0,0
000900,900000,16,-32,16,-48,3776,-7328,4976,32,0,0,0,1,0,0,0,0,0,0,0,1,0,1,0,0
000901,901000,16,-16,0,0,5504,-7328,2624,16,0,0,0,1,0,0,0,0,0,0,0,1,0,1,0,0
000902,902000,-16,16,0,16,6672,-6624,80,-16,0,0,0,1,0,0,0,0,0,0,0,1,0,1,0,0
000903,903000,-16,-32,16,32,7392,-5280,-2528,0,0,0,0,1,0,0,0,0,0,0,0,1,0,1,0,0
000904,904000,-32,16,16,-32,7280,-3408,-4832,-16,0,0,0,1,0,0,0,0,0,0,0,1,0,1,0,0
000905,905000,0,0,-16,-16,6448,-1168,-6704,32,0,0,0,1,0,0,0,0,0,0,0,1,0,1,0,0
000906,906000,0,0,32,-48,5120,1184,-7792,32,0,0,0,1,0,0,0,0,0,0,0,1,0,1,0,0
000907,907000,0,-16,0,16,3264,3488,-8208,16,0,0,0,1,0,0,0,0,0,0,0,1,0,1,0,0
